festival_id,festival_nombre,festival_disciplina,festival_sede,festival_primera_emision,festival_fecha_inicio,festival_fecha_fin,festival_telfono1,festival_telfono2,festival_fax,pagina_web,email,festival_institucion_informate1_pagina_web,festival_institucion_informate2_pagina_web,link_sic,fecha_mod
1543,"La danza Clásica en la Feria","","",0,0,0,"","","","www.universidaddelasartes.edu.mx ","sullags@hotmail.com","","","http://sic.gob.mx/ficha.php?table=festival&table_id=1543","2018-06-21 06:13:29-05"
415,"Festival Cultural de Calaveras","","",0,0,0,"","","","http://www.festivaldecalaveras.com.mx/ ","guadalupe.zaragoza@aguascalientes.gob.mx; informacion.ica@gmail.com","","","http://sic.gob.mx/ficha.php?table=festival&table_id=415","2026-09-25 13:19:09-06"
1050,"XXVI Festival de Títeres de Aguascalientes ","","",0,0,0,"","","","","arteycultura.ica@gmail.com","","","http://sic.gob.mx/ficha.php?table=festival&table_id=1050","2025-06-04 11:26:17-06"
557,"Festival Internacional de Música de Cámara de Aguascalientes","","",0,0,0,"","","","","fmcaguascalientes@gmail.com; machadorafael@yahoo.com","","","http://sic.gob.mx/ficha.php?table=festival&table_id=557","2023-09-29 06:06:57-06"
392,"Festival Cultural de la Feria Nacional de San Marcos","","",0,0,0,"","","","","guadalupe.zaragoza@aguascalientes.gob.mx","","","http://sic.gob.mx/ficha.php?table=festival&table_id=392","2023-01-26 09:10:21-06"
1544,"Día Mundial del Teatro","","",0,0,0,"","","","https://universidaddelasartes.edu.mx/","licteatroica@gmail.com","","","http://sic.gob.mx/ficha.php?table=festival&table_id=1544","2021-08-25 15:30:10-05"
1738,"Feria Regional de la Revolución","","",0,0,0,"","","","https://www.dondehayferia.com/feria-de-la-revolucion-2019-en-pabellon-de-arteaga-aguascalientes","","","","http://sic.gob.mx/ficha.php?table=festival&table_id=1738","2020-07-14 16:06:13-05"
1827,"Festival Universitario de Música de Cámara","","",0,0,0,"","","","https://artes.ens.uabc.mx/Proximamente","jose.mauricio.prieto.astudillo@uabc.edu.mx","","","http://sic.gob.mx/ficha.php?table=festival&table_id=1827","2025-08-28 15:11:38-06"
767,"Festival Internacional de Danza Contemporánea Espuma Cuántica","","",0,0,0,"","","","","extension.artistica@gmail.com","","","http://sic.gob.mx/ficha.php?table=festival&table_id=767","2026-04-13 14:03:57-06"
1689,"Festival de Cine de Ensenada","","",0,0,0,"","","","http://www.fens.mx/","info.fens@gmail.com","","","http://sic.gob.mx/ficha.php?table=festival&table_id=1689","2021-09-09 13:09:13-05"
1132,"Festival de Artes Tradicionales Nativa","","",0,0,0,"","","","","institutodeculturasnativas@gmail.com","","","http://sic.gob.mx/ficha.php?table=festival&table_id=1132","2023-05-17 07:30:41-06"
1826,"Encuentro Internacional de Artes Visuales CURA","","",0,0,0,"","","","https://www.facultaddeartesuabc.com/campus-ensenada/","gerardomendez@uabc.edu.mx","","","http://sic.gob.mx/ficha.php?table=festival&table_id=1826","2025-07-08 12:40:55-06"
1825,"Neofonía. Festival de Música Nueva Ensenada","","",0,0,0,"","","","https://neofoniafmne.com/","neofoniafmne@gmail.com","","","http://sic.gob.mx/ficha.php?table=festival&table_id=1825","2026-06-12 13:38:10-06"
113,"Fiestas del Sol","","",0,0,0,"","","","https://fiestasdelsol.net/","manuel.bejarano@fiestasdelsol.com.mx","","","http://sic.gob.mx/ficha.php?table=festival&table_id=113","2026-05-20 18:29:19-06"
20,"Festival de Octubre","","",0,0,0,"","","","https://www.bajacalifornia.gob.mx/Prensa/Noticia/16230","esmeralda.culturasc@gmail.com","","","http://sic.gob.mx/ficha.php?table=festival&table_id=20","2026-08-24 11:22:21-06"
1926,"Festival Internacional de Piano de Tecate","","",0,0,0,"","","","","info.imacte@gmail.com","","","http://sic.gob.mx/ficha.php?table=festival&table_id=1926","2026-05-29 14:49:29-06"
21,"Festival de Literatura del Norte (FeLiNo)","","",0,0,0,"","","","http://www.cecut.gob.mx","literatura@cecut.gob.mx","","","http://sic.gob.mx/ficha.php?table=festival&table_id=21","2017-10-27 12:09:22-05"
398,"Festival Universitario de Teatro FUT","","",0,0,0,"","","","http://artes.uabc.mx/; https://www.facebook.com/festivaluniversitariodeteatro/","daniel@uabc.edu.mx","","","http://sic.gob.mx/ficha.php?table=festival&table_id=398","2026-05-14 12:55:45-06"
1582,"Muestra Internacional de Cine","","",0,0,0,"","","","https://www.cecut.gob.mx/","","","","http://sic.gob.mx/ficha.php?table=festival&table_id=1582","2025-06-18 16:34:20-06"
673,"Festival y Muestra Internacional de Cortometrajes Corto Creativo UDCI","","",0,0,0,"","","","http://www.facebook.com/cortocreativoUDCI","cortocreativo@udc.edu.mx","","","http://sic.gob.mx/ficha.php?table=festival&table_id=673","2021-09-09 11:09:23-05"
1517,"México a través del Folclor","","",0,0,0,"","","","http://www.cecut.gob.mx","mmaciel@cecut.gob.mx","","","http://sic.gob.mx/ficha.php?table=festival&table_id=1517","2018-06-20 12:02:06-05"
1516,"Festival de Día de Muertos. La fiesta de la muerte","","",0,0,0,"","","","http://www.cecut.gob.mx","mmaciel@cecut.gob.mx","","","http://sic.gob.mx/ficha.php?table=festival&table_id=1516","2026-05-15 12:08:32-06"
1345,"Festival del Libro y la Lectura. Palabrerías","","",0,0,0,"","","","http://cecut.gob.mx","","","","http://sic.gob.mx/ficha.php?table=festival&table_id=1345","2025-07-14 17:32:27-06"
1790,"ANTIFESTIVAL","","",0,0,0,"","","","http://www.loftespaciodecreacion.com/","loftespaciodecreacion@gmail.com","","","http://sic.gob.mx/ficha.php?table=festival&table_id=1790","2022-05-19 08:02:32-05"
1814,"Jornadas Vizcaínas","","",0,0,0,"","","","https://www.cecut.gob.mx						","dirección@cecut.gob.mx	","","","http://sic.gob.mx/ficha.php?table=festival&table_id=1814","2022-08-05 12:04:41-05"
1815,"Norte 32° Encuentro Literario","","",0,0,0,"","","","https://www.cecut.gob.mx						","dirección@cecut.gob.mx	","","","http://sic.gob.mx/ficha.php?table=festival&table_id=1815","2022-08-05 12:12:59-05"
1813,"¡Ding! Una fiesta hecha de libros","","",0,0,0,"","","","https://www.cecut.gob.mx						","dirección@cecut.gob.mx	","","","http://sic.gob.mx/ficha.php?table=festival&table_id=1813","2022-08-05 11:57:09-05"
1128,"Festiarte","","",0,0,0,"","","","https://www.festiarte.com/","festiarteelpuntodelarte@gmail.com ","","","http://sic.gob.mx/ficha.php?table=festival&table_id=1128","2026-05-22 13:45:27-06"
112,"Festival Tijuana Interzona ","","",0,0,0,"","","","","contacto@festivaltijuanainterzona.com","","","http://sic.gob.mx/ficha.php?table=festival&table_id=112","2024-08-12 12:30:42-06"
556,"Festival Ópera en la Calle","","",0,0,0,"","","","http://www.operadetijuana.org","operadetijuana@yahoo.com.mx","","","http://sic.gob.mx/ficha.php?table=festival&table_id=556","2023-05-24 04:18:11-06"
1831,"Festival de día de muertos Que nadie quede en el olvido","","",0,0,0,"","","","https://www.bajacalifornia.travel/es/eventos/2do-desfile-de-dia-de-muertos-que-nadie-quede-en-el-olvido-san-quintin","","","","http://sic.gob.mx/ficha.php?table=festival&table_id=1831","2025-10-30 12:24:31-06"
1830,"Fiesta Grande, la fiesta de la diversidad cultural","","",0,0,0,"","","","https://ecos.inpi.gob.mx/xeqin/","aneri@inpi.gob.mx","","","http://sic.gob.mx/ficha.php?table=festival&table_id=1830","2025-06-04 09:58:48-06"
38,"Festival de la Ballena Gris","","",0,0,0,"","","","https://www.facebook.com/SECTURBCS","valtierra9293@hotmail.com","","","http://sic.gob.mx/ficha.php?table=festival&table_id=38","2026-01-14 09:03:07-06"
1881,"Festival de Cine Comienzos","","",0,0,0,"","","","","","","","http://sic.gob.mx/ficha.php?table=festival&table_id=1881","2025-08-19 11:28:19-06"
525,"Fiestas de Fundación de Ciudad de La Paz","","",0,0,0,"","","","https://turismo.lapaz.gob.mx/atractivos/fiestas-de-fundacion-de-la-paz","turismo@lapaz.gob.mx","","","http://sic.gob.mx/ficha.php?table=festival&table_id=525","2026-09-21 14:40:50-06"
1029,"Festival Internacional de Música de Concierto","","",0,0,0,"","","","https://www.facebook.com/pages/Instituto-Sudcaliforniano-de-Cultura/137288122992560?sk=timeline","angel_mayoral@gmail.com","","","http://sic.gob.mx/ficha.php?table=festival&table_id=1029","2018-10-04 07:03:16-05"
751,"Festival de Cine Todos Santos","","",0,0,0,"","","","https://culturabcs.gob.mx/agenda/event/1161","info@todossantoscine.org","","","http://sic.gob.mx/ficha.php?table=festival&table_id=751","2022-08-04 08:37:39-05"
1197,"Festival Internacional de Cine de Los Cabos","","",0,0,0,"","","","https://www.cabosfilmfestival.com		","hola@cabosfilmfestival.com","","","http://sic.gob.mx/ficha.php?table=festival&table_id=1197","2025-08-21 13:52:43-06"
1828,"Festival Internacional de Artes Escénicas Pah La Calle Los Cabos","","",0,0,0,"","","","","pahloscabosfest@gmail.com","","","http://sic.gob.mx/ficha.php?table=festival&table_id=1828","2024-10-11 11:15:23-06"
1260,"Indie Fest Campeche","","",0,0,0,"","","","https://indiefest.lacaverna.net/","indiefest@lacaverna.net","","","http://sic.gob.mx/ficha.php?table=festival&table_id=1260","2026-06-04 10:36:35-06"
405,"Festival  Internacional del Centro Histórico de Campeche","","",0,0,0,"","","","http://fich.culturacampeche.com/","jacqrenata@hotmail.com","","","http://sic.gob.mx/ficha.php?table=festival&table_id=405","2020-06-15 09:02:06-05"
797,"Festival Internacional de Jazz Campeche","","",0,0,0,"","","","http://www.campechejazzfestival.com/","oficinasecretario@culturacampeche.com","","","http://sic.gob.mx/ficha.php?table=festival&table_id=797","2026-04-13 13:48:44-06"
1523,"Festival de Danza Carmen","","",0,0,0,"","","","https://www.unacar.mx","jacuna@delfin.unacar.mx; yvelasco@delfin.unacar.mx","","","http://sic.gob.mx/ficha.php?table=festival&table_id=1523","2026-06-22 11:41:35-06"
266,"Rock Coahuila Fest","","",0,0,0,"","","","www.coahuilacultura.gob.mx ","festivales.coahuila@hotmail.com","","","http://sic.gob.mx/ficha.php?table=festival&table_id=266","2024-07-15 08:26:57-06"
945,"Festival Internacional de Rondallas Saltillo","","",0,0,0,"","","","https://www.facebook.com/p/Festival-Internacional-de-Rondallas-Saltillo-100079150074585/?locale=es_LA","talivan01@hotmail.com","","","http://sic.gob.mx/ficha.php?table=festival&table_id=945","2026-01-07 13:13:18-06"
1935,"Festival Internacional de las Artes Saltillo FINA 2026","","",0,0,0,"","","","","","","","http://sic.gob.mx/ficha.php?table=festival&table_id=1935","2026-08-10 14:22:04-06"
432,"Festival Internacional de Guitarra de México","","",0,0,0,"","","","","programacioncoahuila@gmail.com	","","","http://sic.gob.mx/ficha.php?table=festival&table_id=432","2025-03-31 10:39:22-06"
408,"Festival Internacional de Órgano","","",0,0,0,"","","","http://www.uadec.mx","","","","http://sic.gob.mx/ficha.php?table=festival&table_id=408","2020-06-03 15:00:42-05"
1527,"8o Festival de la Risa","","",0,0,0,"","","","","rodacas@hotmail.com","","","http://sic.gob.mx/ficha.php?table=festival&table_id=1527","2022-08-05 06:40:40-05"
1679,"Festival  Festival de artes, cultura y etnias La Pisca","","",0,0,0,"","","","http://cultura.torreon.gob.mx","comunicacionimcetrc@gmail.com","","","http://sic.gob.mx/ficha.php?table=festival&table_id=1679","2019-11-21 08:18:55-06"
1263,"Festival Nacional de Cine de Torreón (FENACINE)","","",0,0,0,"","","","http://www.fenacinetorreon.com/","fenacinetorreon@gmail.com","","","http://sic.gob.mx/ficha.php?table=festival&table_id=1263","2018-07-09 04:10:50-05"
403,"Festival Colima de Danza","","",0,0,0,"","","","","festidanza@ucol.mx","","","http://sic.gob.mx/ficha.php?table=festival&table_id=403","2025-09-08 14:45:40-06"
1420,"Festival Internacional Colima Jazz","","",0,0,0,"","","","","culturales@ucol.mx; radio@ucol.mx","","","http://sic.gob.mx/ficha.php?table=festival&table_id=1420","2025-09-08 14:48:22-06"
866,"Festival de Cine Documental Mexicano Zanate","","",0,0,0,"","","","http://www.festivalzanate.org","contacto@festivalzanate.org","","","http://sic.gob.mx/ficha.php?table=festival&table_id=866","2026-07-22 13:51:51-06"
1928,"12° Festival del Tamal de Comitán de Domínguez, Chiapas","","",0,0,0,"","","","","","","","http://sic.gob.mx/ficha.php?table=festival&table_id=1928","2026-06-02 13:10:39-06"
1207,"Festival Internacional de Cine de San Cristóbal de las Casas  (FICSCC)","","",0,0,0,"","","","https://www.fiacsancristobaldelascasas.com/","","","","http://sic.gob.mx/ficha.php?table=festival&table_id=1207","2023-09-27 05:03:46-06"
98,"Festival Maya Zoque Chiapaneca","","",0,0,0,"","","","https://www.gob.mx/cultura/es/articulos/el-festival-maya-zoque-chiapaneca-celebra-su-edicion-36-como-espacio-de-dialogo-entre-los-pueblos-originarios-de-chiapas","celalidireccion@gmail.com	","","","http://sic.gob.mx/ficha.php?table=festival&table_id=98","2026-09-24 11:59:49-06"
96,"Festival Internacional de las Culturas y las Artes Fray Matías de Córdova","","",0,0,0,"","","","","direccion@conecultachiapas.gob.mx	","","","http://sic.gob.mx/ficha.php?table=festival&table_id=96","2026-09-25 10:21:05-06"
1524,"Festival Nacional Joyonaqué","","",0,0,0,"","","","https://www.unicach.mx/festivales","ivan.perez@unicach.mx ","","","http://sic.gob.mx/ficha.php?table=festival&table_id=1524","2026-05-26 09:46:56-06"
1757,"Festival de Danzón del Sureste","","",0,0,0,"","","","","festivaldedanzondelsureste@gmail.com","","","http://sic.gob.mx/ficha.php?table=festival&table_id=1757","2026-09-25 11:47:21-06"
100,"Festival Internacional Cervantino Barroco","","",0,0,0,"","","","https://chiapas.gob.mx","dirección@conecultachiapas.gob.mx	","","","http://sic.gob.mx/ficha.php?table=festival&table_id=100","2026-09-24 12:36:54-06"
1482,"Día Internacional de la Danza","","",0,0,0,"","","","https://www.conecultachiapas.gob.mx/","emiliorabasa@conecultachiapas.gob.mx","","","http://sic.gob.mx/ficha.php?table=festival&table_id=1482","2026-09-24 12:15:33-06"
944,"Festival de Teatro Independiente Otra Latitud","","",0,0,0,"","","","","teatrohechoencasa@gmail.com","","","http://sic.gob.mx/ficha.php?table=festival&table_id=944","2026-02-05 17:49:52-06"
106,"Festival Internacional de las Culturas y las Artes Rosario Castellanos","","",0,0,0,"","","","https://www.conecultachiapas.gob.mx/","dirección@conecultachiapas.gob.mx	","","","http://sic.gob.mx/ficha.php?table=festival&table_id=106","2026-09-25 10:29:30-06"
105,"Festival Internacional de Marimbistas","","",0,0,0,"","","","http://www.conecultachiapas.gob.mx/","difusion@conecultachiapas.gob.mx","","","http://sic.gob.mx/ficha.php?table=festival&table_id=105","2026-08-18 13:26:30-06"
1938,"Bats'i Fest (Festival de Rock Indígena y Músicas de los Pueblos Originarios)","","",0,0,0,"","","","https://chiapas.gob.mx/","dirección@conecultachiapas.gob.mx	","","","http://sic.gob.mx/ficha.php?table=festival&table_id=1938","2026-09-25 12:10:54-06"
423,"Festival de las Tres Culturas: Tarahumara, Menonita y Mestiza","","",0,0,0,"","","","https://municipiocuauhtemoc.gob.mx/","icm.cuauhtemoc@gmail.com","","","http://sic.gob.mx/ficha.php?table=festival&table_id=423","2026-02-27 13:16:14-06"
901,"Festival Internacional de Guitarras sin Fronteras en Chihuahua","","",0,0,0,"","","","","","","","http://sic.gob.mx/ficha.php?table=festival&table_id=901","2018-11-22 10:40:37-06"
421,"Festival Internacional Chihuahua","","",0,0,0,"","","","","fich.programacion@gmail.com","","","http://sic.gob.mx/ficha.php?table=festival&table_id=421","2022-08-08 07:53:02-05"
1546,"Fiestas de Jazz de Chihuahua","","",0,0,0,"","","","http://www.chihuahua.gob.mx/secretariadecultura","secretaríadeculturachih@gmail.com","","","http://sic.gob.mx/ficha.php?table=festival&table_id=1546","2018-06-26 10:00:12-05"
1547,"Festival de Arte Nuevo","","",0,0,0,"","","","https://chihuahua.gob.mx/secretariadecultura","secretariadeculturachih@gmail.com","","","http://sic.gob.mx/ficha.php?table=festival&table_id=1547","2022-07-14 11:22:44-05"
1548,"Festival de Día de Muertos","","",0,0,0,"","","","https://www.chihuahua.gob.mx/secretariadecultura","secretariadeculturacuu@gmail.com ","","","http://sic.gob.mx/ficha.php?table=festival&table_id=1548","2026-09-14 10:56:52-06"
23,"Festival de Teatro de la Ciudad","","",0,0,0,"","","","http://www.juarez.gob.mx","miguelangelmendoza32@hotmail.com","","","http://sic.gob.mx/ficha.php?table=festival&table_id=23","2026-05-29 19:13:53-06"
714,"Festival del Sol. Equinoccio de primavera","","",0,0,0,"","","","","jessifongg@gmail.com","","","http://sic.gob.mx/ficha.php?table=festival&table_id=714","2020-06-05 16:24:17-05"
1672,"22 Festival de la Ciudad","","",0,0,0,"","","","","miguel.mendoza@juarez.gob.mx","","","http://sic.gob.mx/ficha.php?table=festival&table_id=1672","2020-08-31 16:46:49-05"
426,"Festival de la Ciudad Edición 28","","",0,0,0,"","","","https://www.juarez.gob.mx/","miguel.mendoza@juarez.gob.mx","","","http://sic.gob.mx/ficha.php?table=festival&table_id=426","2026-08-06 11:25:14-06"
1677,"GizArte 2020","","",0,0,0,"","","","","miguelangelmendoza32@hotmail.com","","","http://sic.gob.mx/ficha.php?table=festival&table_id=1677","2025-09-10 14:48:07-06"
1785,"Muestra Nacional de Imágenes Científicas, MUNIC","","",0,0,0,"","","","https://www.munic.org/","","","","http://sic.gob.mx/ficha.php?table=festival&table_id=1785","2022-08-08 10:48:05-05"
1358,"Festival Internacional Cuatro X Cuatro. Arte Escénico Contemporáneo","","",0,0,0,"","","","https://www.cuatroxcuatro.org/","festival.cuatroxcuatro@gmail.com","","","http://sic.gob.mx/ficha.php?table=festival&table_id=1358","2026-02-09 18:48:28-06"
1775,"Festival de Cine de Barrio FECIBA","","",0,0,0,"","","","https://www.feciba.com/","fecibaled@gmail.com","","","http://sic.gob.mx/ficha.php?table=festival&table_id=1775","2026-07-23 13:21:32-06"
1778,"Stop Motion MX","","",0,0,0,"","","","https://www.stopmotionmx.com/","hola@stopmotionmx.com","","","http://sic.gob.mx/ficha.php?table=festival&table_id=1778","2022-11-25 08:50:44-06"
1581,"Festival Internacional de Cine con Medios Alternativos (FICMA)","","",0,0,0,"","","","https://ficmafest.org/","","","","http://sic.gob.mx/ficha.php?table=festival&table_id=1581","2022-08-08 09:07:13-05"
311,"Macabro Festival Internacional de Cine de Horror de la Ciudad de México","","",0,0,0,"","","","http://www.macabro.mx/","contacto@macabro.mx","","","http://sic.gob.mx/ficha.php?table=festival&table_id=311","2022-08-08 08:56:36-05"
1441,"Festival de la Décima Guillermo Cházaro Lagos","","",0,0,0,"","","","http://festivalguillermochazaro.blogspot.mx/","quesigaelfandango@gmail.com","","","http://sic.gob.mx/ficha.php?table=festival&table_id=1441","2026-07-31 13:19:44-06"
1937,"Festival de las Culturas Amigas","","",0,0,0,"","","","","direccion.cultura@azcapotzalco.cdmx.gob.mx","","","http://sic.gob.mx/ficha.php?table=festival&table_id=1937","2026-08-11 14:26:51-06"
77,"Transversales, Encuentro Internacional de Escena Contemporánea","","",0,0,0,"","","","https://transversales.mx/","transversales11@gmail.com","","","http://sic.gob.mx/ficha.php?table=festival&table_id=77","2026-05-20 18:01:33-06"
177,"Encuentro de Nueva Danza y Nueva Música","","",0,0,0,"","","","https://nuevadanzaynuevamusica.wordpress.com/about/","consuelosanchezd@hotmail.com","","","http://sic.gob.mx/ficha.php?table=festival&table_id=177","2026-08-04 13:05:20-06"
1094,"Festival Jazz Mex","","",0,0,0,"","","","http://www.cenart.gob.mx/","carodriguez@cultura.gob.mx","","","http://sic.gob.mx/ficha.php?table=festival&table_id=1094","2022-12-02 08:33:57-06"
1376,"Festival Sabores y Artesanías del Mundo","","",0,0,0,"","","","","","","","http://sic.gob.mx/ficha.php?table=festival&table_id=1376","2025-08-26 17:20:39-06"
1465,"Festival Universitario de Oboe","","",0,0,0,"","","","","disa.enm.013@gmail.com","","","http://sic.gob.mx/ficha.php?table=festival&table_id=1465","2022-12-15 03:23:58-06"
1469,"Festival Internacional de Piano UNAM","","",0,0,0,"","","","https://boletoscultura.unam.mx/eventperformances.asp?evt=1126","","","","http://sic.gob.mx/ficha.php?table=festival&table_id=1469","2026-09-10 10:54:19-06"
1518,"Festival Quejío Flamenco","","",0,0,0,"","","","https://cenart.gob.mx/eventos/ciclo-quejio-flamenco-soniquetes-del-corazon/","","","","http://sic.gob.mx/ficha.php?table=festival&table_id=1518","2026-08-13 14:22:15-06"
1403,"Festival Aires: Festival de Música Mexicana Contemporánea","","",0,0,0,"","","","https://www.festivalaires.com/aires-2026","rpublic@unam.mx","","","http://sic.gob.mx/ficha.php?table=festival&table_id=1403","2026-08-04 13:21:55-06"
1034,"Festival Universitario de Clarinete","","",0,0,0,"","","","http://www.fam.unam.mx","disa.enm.013@gmail.com","","","http://sic.gob.mx/ficha.php?table=festival&table_id=1034","2022-12-15 03:20:11-06"
221,"Festival Internacional de Piano En Blanco y Negro","","",0,0,0,"","","","https://cenart.gob.mx/app/","","","","http://sic.gob.mx/ficha.php?table=festival&table_id=221","2026-08-12 12:22:12-06"
1492,"Festival Im•Pulso","","",0,0,0,"","","","","scz_cdcunam@hotmail.com","","","http://sic.gob.mx/ficha.php?table=festival&table_id=1492","2022-12-01 07:54:42-06"
1886,"Festival Internacional del Libro de Aventuras ","","",0,0,0,"","","","https://cenart.gob.mx/eventos/2-a-feria-internacional-del-libro-de-aventuras-un-viaje-al-centro-del-laberinto/","","","","http://sic.gob.mx/ficha.php?table=festival&table_id=1886","2026-08-05 14:51:15-06"
1317,"Festival Cuántico","","",0,0,0,"","","","http://www.cenart.gob.mx/2017/05/festival-cuantico-2017/","","","","http://sic.gob.mx/ficha.php?table=festival&table_id=1317","2022-11-28 07:42:56-06"
1463,"Festival Internacional de Trompeta Rafael Méndez","","",0,0,0,"","","","","","","","http://sic.gob.mx/ficha.php?table=festival&table_id=1463","2022-12-02 07:32:55-06"
248,"Festival Internacional de Teatro Universitario FITU","","",0,0,0,"","","","https://teatrounam.com.mx/teatro/fitu33/fitu-33-resultados/","festivalteatrounam@gmail.com","","","http://sic.gob.mx/ficha.php?table=festival&table_id=248","2026-08-05 14:29:41-06"
211,"Festival de Jazz de la Escuela Superior de Música ","","",0,0,0,"","","","http://www.escuelasuperiordemusica.bellasartes.gob.mx/","esm.magatorre@gmail.com","","","http://sic.gob.mx/ficha.php?table=festival&table_id=211","2022-11-28 09:23:26-06"
1122,"Festival Soliloquios y diálogos bailados","","",0,0,0,"","","","http://www.lostalleres.com.mx/","talleres@prodigy.net.mx","","","http://sic.gob.mx/ficha.php?table=festival&table_id=1122","2021-12-06 07:01:45-06"
51,"Día Internacional de la Danza","","",0,0,0,"","","","https://www.danza.unam.mx/did26","infdanza@unam.mx","","","http://sic.gob.mx/ficha.php?table=festival&table_id=51","2026-08-04 12:27:34-06"
364,"Festival Internacional de Cine para Niños (y no tan niños)","","",0,0,0,"","","","http://www.lamatatena.org","liset.cotera@lamatatena.org","","","http://sic.gob.mx/ficha.php?table=festival&table_id=364","2026-08-05 12:40:55-06"
225,"Festival Eurojazz","","",0,0,0,"","","","https://cenart.gob.mx/2026/02/el-festival-eurojazz-celebrara-en-marzo-su-edicion-29/","carodriguez@cultura.gob.mx","","","http://sic.gob.mx/ficha.php?table=festival&table_id=225","2026-08-05 11:27:06-06"
1497,"El Aleph. Festival de Arte y Ciencia","","",0,0,0,"","","","https://teatrounam.com.mx/teatro/entradasteatro/festival-el-aleph-2026/","elalephvirtual@gmail.com	","","","http://sic.gob.mx/ficha.php?table=festival&table_id=1497","2026-08-04 12:41:36-06"
888,"Festival Internacional de Cine UNAM (FICUNAM)","","",0,0,0,"","","","https://ficunam.unam.mx/","ficunam@fic.unam.mx","","","http://sic.gob.mx/ficha.php?table=festival&table_id=888","2026-08-05 12:30:47-06"
215,"Festival Pantalla de Cristal","","",0,0,0,"","","","","canal100@canal100.com.mx / festivalpantalladecristal@canal100.com.mx","","","http://sic.gob.mx/ficha.php?table=festival&table_id=215","2022-12-02 08:54:11-06"
218,"Festival Camaríssima","","",0,0,0,"","","","http://www.cenart.gob.mx","gposadas@cultura.gob.mx","","","http://sic.gob.mx/ficha.php?table=festival&table_id=218","2026-08-05 11:36:28-06"
1947,"Festival Cultural Feria del Mundo","","",0,0,0,"","","","","aflores@cultura.gob.mx","","","http://sic.gob.mx/ficha.php?table=festival&table_id=1947","2026-09-03 10:00:59-06"
1795,"Be Tribal Bellydance","","",0,0,0,"","","","https://betribalbellydance.com/","betribalbellydance@gmail.com","","","http://sic.gob.mx/ficha.php?table=festival&table_id=1795","2026-06-16 12:04:40-06"
1917,"Festival Internacional de Letras Gustavo A. Madero ","","",0,0,0,"","","","","","","","http://sic.gob.mx/ficha.php?table=festival&table_id=1917","2026-08-20 14:24:48-06"
1805,"Encuentro Festival de Teatro Comunitario de la región de los volcanes","","",0,0,0,"","","","						","volcanes.teatrocomunitario@gmail.com	","","","http://sic.gob.mx/ficha.php?table=festival&table_id=1805","2026-08-24 11:16:52-06"
1703,"Festival Internacional de Teatro de la Ciudad de México","","",0,0,0,"","","","https://carteleradeteatro.mx/2022/4-festival-internacional-de-teatro-de-la-ciudad-de-mexico/","coralsoldadoteatro@gmail.com","","","http://sic.gob.mx/ficha.php?table=festival&table_id=1703","2023-01-16 05:05:47-06"
1804,"Semillas Festival Internacional del Libro y la Lectura San Lorenzo Tezonco","","",0,0,0,"","","","		","coorslt@uacm.edu.mx	","","","http://sic.gob.mx/ficha.php?table=festival&table_id=1804","2026-08-24 12:02:04-06"
1385,"Festival de Chiles, Salsas y Molcajetes","","",0,0,0,"","","","http://exconventodeculhuacan.inah.gob.mx/?page_id=497","","","","http://sic.gob.mx/ficha.php?table=festival&table_id=1385","2026-08-24 11:35:51-06"
1754,"Festival de Música en la Ciudad","","",0,0,0,"","","","https://www.timeoutmexico.mx/ciudad-de-mexico/musica","","","","http://sic.gob.mx/ficha.php?table=festival&table_id=1754","2023-01-19 07:16:47-06"
927,"Festival de Pantomima, Circo y Clown La Risa Sagrada","","",0,0,0,"","","","https://www.cultura.cdmx.gob.mx/comunicacion/nota/344-26","comunicacionfaromilpalta@gmail.com","","","http://sic.gob.mx/ficha.php?table=festival&table_id=927","2026-08-28 12:55:11-06"
1059,"Encuentro Internacional de Clown","","",0,0,0,"","","","https://www.gob.mx/cultura/prensa/el-centro-cultural-helenico-invita-a-la-comunidad-artistica-ser-parte-del-13-encuentro-internacional-de-clown","helenico@cultura.gob.mx","","","http://sic.gob.mx/ficha.php?table=festival&table_id=1059","2026-09-01 13:16:58-06"
1027,"Festival de Poesía Las Lenguas de América Carlos Montemayor","","",0,0,0,"","","","https://www.lenguasdeamerica.unam.mx/","sectec.puic@unam.mx","","","http://sic.gob.mx/ficha.php?table=festival&table_id=1027","2026-09-10 12:35:40-06"
213,"DramaFest 2022 Modalidad Circulación Nacional						","","",0,0,0,"","","","","jsoler2490@gmail.com	","","","http://sic.gob.mx/ficha.php?table=festival&table_id=213","2023-11-08 06:50:03-06"
806,"Kinoki  Festival Internacional de Cine Universitario","","",0,0,0,"","","","https://filmfreeway.com/FestivalKINOKI2026","direccion@kinokifestival.com","","","http://sic.gob.mx/ficha.php?table=festival&table_id=806","2026-09-02 10:37:03-06"
810,"Festival Internacional Cedros-UP","","",0,0,0,"","","","","informes@ficup.org","","","http://sic.gob.mx/ficha.php?table=festival&table_id=810","2022-11-03 07:37:19-06"
1566,"Fiesta de las Culturas Indígenas, Pueblos y Barrios Originarios de la Ciudad de México","","",0,0,0,"","","","http://cultura.cdmx.gob.mx/","lortizq@cdmx.gob.mx; mvillarrealru@cdmx.gob.mx","","","http://sic.gob.mx/ficha.php?table=festival&table_id=1566","2026-09-02 10:17:27-06"
1934,"Festival de la Garnacha y el Pulque","","",0,0,0,"","","","","dsculturales.pazybienestar@tlahuac.cdmx.gob.mx ","","","http://sic.gob.mx/ficha.php?table=festival&table_id=1934","2026-08-05 13:16:23-06"
308,"Festival Internacional de las Culturas en Resistencia Ollin Kan","","",0,0,0,"","","","https://www.facebook.com/ollinkanmexico/","ollinkanmexico@gmail.com","","","http://sic.gob.mx/ficha.php?table=festival&table_id=308","2023-01-24 04:23:42-06"
1302,"Festival Internacional de Danza ","","",0,0,0,"","","","https://ccemx.org/evento/vii-festival-internacional-de-danza-cuerpo-al-descubierto/","cuerpoaldescubierto.siete@gmail.com	","","","http://sic.gob.mx/ficha.php?table=festival&table_id=1302","2022-11-22 06:54:23-06"
1496,"Día Internacional del Jazz","","",0,0,0,"","","","https://elconvite.com.mx/","albertobenjamin@yahoo.com.mx","","","http://sic.gob.mx/ficha.php?table=festival&table_id=1496","2026-08-03 12:14:57-06"
1764,"Festival de Creación Hormiga","","",0,0,0,"","","","https://carteleradeteatro.mx/2022/ya-comenzo-el-4to-festival-de-creacion-hormiga/","festivalartesescenicas2019@gmail.com","","","http://sic.gob.mx/ficha.php?table=festival&table_id=1764","2026-09-28 12:48:52-06"
627,"Festival Internacional de Cortometrajes Shorts México","","",0,0,0,"","","","","contacto@shortsmexico.com","","","http://sic.gob.mx/ficha.php?table=festival&table_id=627","2026-07-20 14:41:54-06"
1095,"Festival Internacional de Cine Fantástico, Terror y Ciencia Ficción Feratum","","",0,0,0,"","","","//www.feratumfilmfest.com","feratumentries@gmail.com","","","http://sic.gob.mx/ficha.php?table=festival&table_id=1095","2026-08-03 13:01:35-06"
1551,"Festival Internacional de Narración Oral Cuéntalee Jalisco","","",0,0,0,"","","","https://inba.gob.mx/actividad/9936/xxxiii-festival-internacional-de-narracion-oral-cuentalee-mexico","artrejo@yahoo.com","","","http://sic.gob.mx/ficha.php?table=festival&table_id=1551","2025-06-06 19:37:13-06"
1684,"Shorts México Festival Internacional de Cortometrajes de México","","",0,0,0,"","","","https://shortsmexico.com/","produccionshortsmexico@gmail.com","","","http://sic.gob.mx/ficha.php?table=festival&table_id=1684","2026-04-09 10:56:41-06"
1725,"Primer Festival Contigo en la distancia. Cultura desde casa","","",0,0,0,"","","","https://contigoenladistancia.cultura.gob.mx/","","","","http://sic.gob.mx/ficha.php?table=festival&table_id=1725","2022-11-24 07:21:57-06"
1023,"Festival Internacional de Cortometrajes Ambientales ECOFILM","","",0,0,0,"","","","http://www.ecofilmfestival.org/","contacto@ecofilmfestival.org","","","http://sic.gob.mx/ficha.php?table=festival&table_id=1023","2020-07-14 17:10:18-05"
335,"Festival Internacional Cervantino (FIC)","","",0,0,0,"","","","https://festivalcervantino.gob.mx/","asist.fic@cultura.gob.mx","","","http://sic.gob.mx/ficha.php?table=festival&table_id=335","2026-07-15 14:08:14-06"
1696,"Muestra Internacional de Mujeres en el Cine y la Televisión","","",0,0,0,"","","","https://filmfreeway.com/MuestraInternacionaldeMujeresenelCineylaTV","info@mujerescineytv.org, conchita@spetrumfil.info, myrna4444@gmail.com","","","http://sic.gob.mx/ficha.php?table=festival&table_id=1696","2026-08-04 12:01:58-06"
1430,"Festival Artístico de Otoño","","",0,0,0,"","","","","contacto@patronato-ccrc.org","","","http://sic.gob.mx/ficha.php?table=festival&table_id=1430","2026-09-30 14:48:30-06"
1226,"Festival Internacional Primavera Jazz","","",0,0,0,"","","","https://www.fundacionsebastian.org/","oficina@fundacionsebastian.org","","","http://sic.gob.mx/ficha.php?table=festival&table_id=1226","2026-08-03 12:51:07-06"
1833,"Campaña Festival Basta No Violencia ","","",0,0,0,"","","","https://glatentertainment.wixsite.com/bastanoviolencia/concenos","campanabastanoviolencia@gmail.com","","","http://sic.gob.mx/ficha.php?table=festival&table_id=1833","2026-07-31 14:54:35-06"
1743,"La muerte que danza","","",0,0,0,"","","","","","","","http://sic.gob.mx/ficha.php?table=festival&table_id=1743","2023-01-10 07:58:38-06"
1685,"Tercer Festival Internacional y IV Jornadas Música y Ceguera","","",0,0,0,"","","","http://musicayceguera.loaudible.net/","loaudible@gmail.com","","","http://sic.gob.mx/ficha.php?table=festival&table_id=1685","2023-01-13 09:15:27-06"
1705,"Hallyu Fest","","",0,0,0,"","","","https://politica.expansion.mx/sociedad/2022/12/16/hallyu-fest-2022-evento-de-kpop-mexico","","","","http://sic.gob.mx/ficha.php?table=festival&table_id=1705","2025-08-14 17:11:19-06"
880,"Quickflick Festival Internacional Trimestral de Cortometrajes","","",0,0,0,"","","","","emmanuel@quickflick.tv","","","http://sic.gob.mx/ficha.php?table=festival&table_id=880","2023-05-17 05:32:15-06"
1001,"Festival Internacional de Cine Gay","","",0,0,0,"","","","https://www.facebook.com/FICGAYUNAM/about/","","","","http://sic.gob.mx/ficha.php?table=festival&table_id=1001","2022-12-16 08:26:02-06"
1192,"La Catrina Fest MX","","",0,0,0,"","","","https://www.lacatrinafestmx.com/","contacto@lacatrinafestmx.com","","","http://sic.gob.mx/ficha.php?table=festival&table_id=1192","2026-09-10 11:49:23-06"
697,"Mórbido Festival Internacional de Cine Fantástico y de Terror ","","",0,0,0,"","","","https://filmfreeway.com/MORBIDOFEST","info@morbidofest.com","","","http://sic.gob.mx/ficha.php?table=festival&table_id=697","2026-08-20 11:58:25-06"
1308,"Variaciones Butoh","","",0,0,0,"","","","http://www.chopo.unam.mx/","danzateatroritual@gmail.com","","","http://sic.gob.mx/ficha.php?table=festival&table_id=1308","2023-01-16 04:32:52-06"
1940,"Festival del Pan Dulce Mexicano","","",0,0,0,"","","","https://www.canainpa.com.mx/","direcciongeneral@canainppa.mx","","","http://sic.gob.mx/ficha.php?table=festival&table_id=1940","2026-08-27 10:36:55-06"
544,"Mutek MX. Festival Internacional de Creatividad Digital","","",0,0,0,"","","","https://mexico.mutek.org/","contacto@mutek.org","","","http://sic.gob.mx/ficha.php?table=festival&table_id=544","2026-08-19 14:32:23-06"
1808,"Bienal Internacional del Cartel en México; Festival del Diseño y las Artes","","",0,0,0,"","","","https://bienalcartel.org/						","xbermudez@bienalcartel.org","","","http://sic.gob.mx/ficha.php?table=festival&table_id=1808","2023-05-22 06:18:59-06"
1800,"MEXTRÓPOLI, Festival de Arquitectura y Ciudad","","",0,0,0,"","","","https://mextropoli.mx/el-festival/","hola@mextropoli.mx","","","http://sic.gob.mx/ficha.php?table=festival&table_id=1800","2026-08-19 14:24:46-06"
1273,"Fotoseptiembre. Festival Internacional de Fotografía en México","","",0,0,0,"","","","https://centrodelaimagen.cultura.gob.mx/","coordinacion.fotomexico@gmail.com","","","http://sic.gob.mx/ficha.php?table=festival&table_id=1273","2026-08-19 10:41:56-06"
1560,"DOCSPUEBLA Espacio de cine documental","","",0,0,0,"","","","https://docsmx.org/festivales/index.php","coordinacion@docsmx.org","","","http://sic.gob.mx/ficha.php?table=festival&table_id=1560","2026-08-07 14:47:13-06"
822,"Hay Festival","","",0,0,0,"","","","https://www.hayfestival.com/queretaro/inicio","contacto@hayfestival.org","","","http://sic.gob.mx/ficha.php?table=festival&table_id=822","2026-08-19 10:14:57-06"
1110,"Festival Luces de Invierno","","",0,0,0,"","","","https://www.cenart.gob.mx/","gposadas@cultura.gob.mx","","","http://sic.gob.mx/ficha.php?table=festival&table_id=1110","2022-12-20 09:20:41-06"
147,"Foro Internacional de Música Nueva Manuel Enríquez","","",0,0,0,"","","","http://www.forodemusicanueva.bellasartes.gob.mx/","forodemusicanueva@inba.gob.mx","","","http://sic.gob.mx/ficha.php?table=festival&table_id=147","2026-08-14 15:01:33-06"
1832,"Festival de Cultura Urbana Chicle y Pega ","","",0,0,0,"","","","https://www.alasyraices.gob.mx/","mzarate@cultura.gob.mx","","","http://sic.gob.mx/ficha.php?table=festival&table_id=1832","2026-08-14 09:27:06-06"
1952,"Festival Destinos Sagrados: Miquiztli Mexica","","",0,0,0,"","","","www.adelitasempresarias.com","adelitas.empresarias@outlook.com","","","http://sic.gob.mx/ficha.php?table=festival&table_id=1952","2026-09-29 11:35:50-06"
1354,"Festival Internacional de Teatro Sensorial por la Inclusión","","",0,0,0,"","","","http://sensorama.mx/","fetsi@sensorama.com.mx","","","http://sic.gob.mx/ficha.php?table=festival&table_id=1354","2026-08-13 13:55:24-06"
301,"Feria de las Calacas","","",0,0,0,"","","","https://www.cenart.gob.mx/calendario-de-eventos/feria-de-las-calacas-2025/","alasyraices@cultura.gob.mx","","","http://sic.gob.mx/ficha.php?table=festival&table_id=301","2026-08-11 14:27:28-06"
937,"Festival Internacional de Narración Oral Cuéntalee México","","",0,0,0,"","","","https://www.gob.mx/cultura/prensa/iniciara-en-el-palacio-de-bellas-artes-la-37-edicion-del-festival-internacional-de-narracion-oral-cuentalee-mexico-2026?idiom=es","artrejo@yahoo.com","","","http://sic.gob.mx/ficha.php?table=festival&table_id=937","2026-08-12 13:26:23-06"
159,"Festival Internacional de Cine Judío en México","","",0,0,0,"","","","","d.i@ficj.org	","","","http://sic.gob.mx/ficha.php?table=festival&table_id=159","2026-08-12 12:33:01-06"
1390,"Festival Internacional de Cabaret","","",0,0,0,"","","","http://www.festivaldecabaret.com","corina.rojas@popcomunicacion.com.mx; direccionficab@gmail.com","","","http://sic.gob.mx/ficha.php?table=festival&table_id=1390","2026-08-11 15:00:43-06"
1866,"Festival Internacional Afroescénico de Mulato Teatro","","",0,0,0,"","","","https://inba.gob.mx/prensa/23806/siete-d-iacuteas-de-teatro-y-actividades-formativas-en-la-segunda-edici-oacuten-del-festival-internacional-afroesc-eacutenico-","","","","http://sic.gob.mx/ficha.php?table=festival&table_id=1866","2026-08-12 12:03:17-06"
670,"Festival Internacional de Cine Documental de la Ciudad de México (DocsMX)","","",0,0,0,"","","","https://www.docsmx.org/ ","contacto@docsmx.org","","","http://sic.gob.mx/ficha.php?table=festival&table_id=670","2026-08-11 11:56:49-06"
1788,"Fisura, Festival Internacional de Cine y Video Experimental","","",0,0,0,"","","","","fisurafestival@gmail.com","","","http://sic.gob.mx/ficha.php?table=festival&table_id=1788","2026-08-18 12:50:11-06"
1774,"FAIN, una feria de arte emergente","","",0,0,0,"","","","https://fainferia.com/","fain@casaequis.com  ","","","http://sic.gob.mx/ficha.php?table=festival&table_id=1774","2026-08-11 12:58:04-06"
785,"Gira de documentales Ambulante","","",0,0,0,"","","","","ram@ambulante.org","","","http://sic.gob.mx/ficha.php?table=festival&table_id=785","2026-08-19 11:43:57-06"
1393,"Festival Internacional de Realidad Virtual","","",0,0,0,"","","","http://www.vrfest.mx/"," hello@vrfest.mx","","","http://sic.gob.mx/ficha.php?table=festival&table_id=1393","2022-12-19 08:32:33-06"
1540,"Festival Kosupure","","",0,0,0,"","","","https://www.laizquierdadiario.mx/Muestra-el-Festival-Kosupere-la-cultura-del-cosplay-manga-y-pop-japones","","","","http://sic.gob.mx/ficha.php?table=festival&table_id=1540","2025-06-06 16:25:51-06"
1714,"Festival Nacional de la Letras Leona Vicario","","",0,0,0,"","","","https://literatura.inba.gob.mx/","leticia.luna@inb.gob.mx y cnl@inb.gob.mx","","","http://sic.gob.mx/ficha.php?table=festival&table_id=1714","2020-04-30 09:13:46-05"
1238,"Festival Verbo","","",0,0,0,"","","","","","","","http://sic.gob.mx/ficha.php?table=festival&table_id=1238","2023-01-05 07:17:05-06"
610,"Festival de la Huasteca","","",0,0,0,"","","","","alozano@cultura.gob.mx","","","http://sic.gob.mx/ficha.php?table=festival&table_id=610","2022-12-15 09:21:24-06"
824,"Festival de las Literaturas Europeas","","",0,0,0,"","","","","","","","http://sic.gob.mx/ficha.php?table=festival&table_id=824","2022-12-16 05:23:46-06"
1147,"Mextrópoli.  Festival Internacional de Arquitectura y Ciudad","","",0,0,0,"","","","http://mextropoli.mx/","hola@mextropoli.mx","","","http://sic.gob.mx/ficha.php?table=festival&table_id=1147","2023-01-10 09:07:43-06"
176,"Festival de México en el Centro Histórico","","",0,0,0,"","","","http://www.festival.org.mx/","info@festival.org.mx","","","http://sic.gob.mx/ficha.php?table=festival&table_id=176","2021-03-03 08:33:10-06"
1782,"Festival Virtual Internacional de Folklore 2021","","",0,0,0,"","","","","festival@folkmexico.org","","","http://sic.gob.mx/ficha.php?table=festival&table_id=1782","2023-01-05 07:44:46-06"
1341,"Festival Todos a Jugar y a Danzar","","",0,0,0,"","","","http://www.alasyraices.gob.mx/inicio.php","alasyraices@conaculta.gob.mx","","","http://sic.gob.mx/ficha.php?table=festival&table_id=1341","2025-07-01 19:11:54-06"
915,"Festival Internacional por la Diversidad Sexual (FIDS)","","",0,0,0,"","","","http://altarteac.blogspot.com/?zx=208e29f81938d187","","","","http://sic.gob.mx/ficha.php?table=festival&table_id=915","2022-12-20 09:13:10-06"
1242,"Festival Internacional de Arte Público y Neomuralismo CONSTRUCTO","","",0,0,0,"","","","http://festivalconstructo.com/","constructoartenuevo@gmail.com","","","http://sic.gob.mx/ficha.php?table=festival&table_id=1242","2022-12-16 06:41:11-06"
410,"Teatro a Una Sola Voz, Festival de Monólogos","","",0,0,0,"","","","https://inba.gob.mx/prensa/23428/abre-convocatoria-el-xxi-festival-de-monologos-teatro-a-una-sola-voz","contactoteatro@inba.gob.mx","","","http://sic.gob.mx/ficha.php?table=festival&table_id=410","2026-08-20 13:43:28-06"
573,"Festival del Tambor y las Culturas Africanas","","",0,0,0,"","","","https://almomento.mx/19o-festival-del-tambor-y-las-culturas-africanas/","festivaldeculturafricana@yahoo.com ","","","http://sic.gob.mx/ficha.php?table=festival&table_id=573","2022-12-16 06:12:34-06"
1057,"Festival Internacional de Teatro de Papel","","",0,0,0,"","","","https://www.facebook.com/teatrodepapel","","","","http://sic.gob.mx/ficha.php?table=festival&table_id=1057","2022-12-19 09:10:15-06"
363,"Festival Internacional del Órgano Barroco","","",0,0,0,"","","","","gustavodeparra@hotmail.com","","","http://sic.gob.mx/ficha.php?table=festival&table_id=363","2026-08-13 12:58:39-06"
872,"Festival Otras Latitudes","","",0,0,0,"","","","http://www.ccb.bellasartes.gob.mx","gentedeteatro.cnt@gmail.com","","","http://sic.gob.mx/ficha.php?table=festival&table_id=872","2023-01-23 07:36:34-06"
1218,"Festival Internacional Divertimento","","",0,0,0,"","","","https://musicaenmexico.com.mx/cartelera/16vo-festival-internacional-divertimento/","festivaldivertimento@hayoo.com.mx","","","http://sic.gob.mx/ficha.php?table=festival&table_id=1218","2023-05-19 08:53:56-06"
958,"Festival Internacional Poesía en Voz Alta.17. Palabras para el Antropoceno","","",0,0,0,"","","","","difusión.casa.del.lago@gmail.com","","","http://sic.gob.mx/ficha.php?table=festival&table_id=958","2023-01-23 06:17:39-06"
1013,"Festival Internacional de Guitarra del Conservatorio Nacional de Música","","",0,0,0,"","","","http://www.conservatorio.bellasartes.gob.mx/","cnm@inba.gob.mx ","","","http://sic.gob.mx/ficha.php?table=festival&table_id=1013","2026-09-10 14:31:18-06"
1776,"Festival Internacional de Danza Contemporánea de la Ciudad de México (FIDCDMX)","","",0,0,0,"","","","https://fidcdmx.com.mx/","fidcdmx@gmail.com","","","http://sic.gob.mx/ficha.php?table=festival&table_id=1776","2026-08-26 12:13:45-06"
980,"Festival del Bosque de Chapultepec, Animalística","","",0,0,0,"","","","https://www.capital21.cdmx.gob.mx/noticias/?p=39172","","","","http://sic.gob.mx/ficha.php?table=festival&table_id=980","2023-05-19 08:32:16-06"
614,"Festival Iberoamericano de Cultura Musical Vive Latino","","",0,0,0,"","","","http://www.vivelatino.com.mx","vivelatino@cie.com.mx","","","http://sic.gob.mx/ficha.php?table=festival&table_id=614","2026-08-24 13:05:58-06"
1727,"Design Week Mexico","","",0,0,0,"","","","https://designweekmexico.com/		","hola@designweekmexico.com	","","","http://sic.gob.mx/ficha.php?table=festival&table_id=1727","2026-08-24 12:53:26-06"
1042,"Gran Maratón Nacional de Teatro para Niñas, Niños y Adolescentes","","",0,0,0,"","","","https://carteleradeteatro.mx/2026/18-gran-maraton-nacional-de-teatro-para-ninas-ninos-y-adolescentes/","anelvi.rivera@inba.gob.mx","","","http://sic.gob.mx/ficha.php?table=festival&table_id=1042","2026-08-24 12:37:01-06"
975,"Festival de Jazz Internacional de Polanco","","",0,0,0,"","","","https://festivaldejazzdepolanco.com/","festivaldejazzdepolanco@gmail.com","","","http://sic.gob.mx/ficha.php?table=festival&table_id=975","2026-07-20 13:30:07-06"
1565,"LOVE4ALL","","",0,0,0,"","","","http://www.love4all.com.mx/","hola@love4all.com.mx","","","http://sic.gob.mx/ficha.php?table=festival&table_id=1565","2023-01-23 08:55:28-06"
1798,"Festival de Monólogos: Teatro una sola voz ","","",0,0,0,"","","","https://teatro.inba.gob.mx/teatroaunasolavoz/				","contactoteatro@inba.gob.m","","","http://sic.gob.mx/ficha.php?table=festival&table_id=1798","2026-08-27 13:59:19-06"
1882,"Teloloapan Eres Flor","","",0,0,0,"","","","","cisocultac@gmail.com","","","http://sic.gob.mx/ficha.php?table=festival&table_id=1882","2026-09-01 11:56:36-06"
1716,"Festival del Mariachi, su Charrería y Danza","","",0,0,0,"","","","http://www.iced.durango.gob.mx/index.php/es/contacto","contacto.iced@durango.gob.mx","","","http://sic.gob.mx/ficha.php?table=festival&table_id=1716","2020-07-10 05:26:38-05"
1514,"Festival Decembrino","","",0,0,0,"","","","","claudio.herrera@municipiodurango.gob.mx; imacdgo.comunicacion@gmail.com","","","http://sic.gob.mx/ficha.php?table=festival&table_id=1514","2018-11-30 10:07:06-06"
1408,"Festival Kícham","","",0,0,0,"","","","","","","","http://sic.gob.mx/ficha.php?table=festival&table_id=1408","2018-07-16 09:36:49-05"
191,"Festival Revueltas","","",0,0,0,"","","","https://iced.durango.gob.mx/","direcciongeneral@iced.gob.mx","","","http://sic.gob.mx/ficha.php?table=festival&table_id=191","2026-05-22 11:08:54-06"
1508,"Festival Internacional de Piano","","",0,0,0,"","","","www.imac.municipiodurango.gob.mx","claudio.herrera@municipiodurango.gob.mx; imacdgo.comunicacion@gmail.com","","","http://sic.gob.mx/ficha.php?table=festival&table_id=1508","2025-06-06 16:20:16-06"
1945,"Festival de las Culturas Populares de Durango","","",0,0,0,"","","","","contacto.iced@durango.gob.mx","","","http://sic.gob.mx/ficha.php?table=festival&table_id=1945","2026-08-31 10:53:43-06"
1510,"Festival de Danza Dolores del Río","","",0,0,0,"","","","","festivaldanzadoloresdelrio@gmail.com","","","http://sic.gob.mx/ficha.php?table=festival&table_id=1510","2026-09-23 12:58:15-06"
1512,"Festival de Día de Muertos Muuki","","",0,0,0,"","","","","imacdgo.comunicacion@gmail.com","","","http://sic.gob.mx/ficha.php?table=festival&table_id=1512","2026-09-28 13:58:26-06"
1506,"Festival del Renacimiento al Barroco","","",0,0,0,"","","","","claudio.herrera@municipiodurango.gob.mx; imacdgo.comunicacion@gmail.com","","","http://sic.gob.mx/ficha.php?table=festival&table_id=1506","2026-08-06 10:01:54-06"
990,"Festival Internacional Ricardo Castro","","",0,0,0,"","","","http://imac.municipiodurango.gob.mx/","cllaudio.herrera@municipiodurango.gob.mx","","","http://sic.gob.mx/ficha.php?table=festival&table_id=990","2021-08-16 11:28:53-05"
1513,"Festival Internacional de Jazz","","",0,0,0,"","","","www.imac.municipiodurango.gob.mx","claudio.herrera@municipiodurango.gob.mx; imacdgo.comunicacion@gmail.com","","","http://sic.gob.mx/ficha.php?table=festival&table_id=1513","2025-09-09 16:54:03-06"
1436,"Festival del Sol Cultura Chupícuaro","","",0,0,0,"","","","","acambaroimca@hotmail.com","","","http://sic.gob.mx/ficha.php?table=festival&table_id=1436","2026-09-21 11:09:23-06"
1115,"Festival Internacional de Escritores y Literatura en San Miguel de Allende","","",0,0,0,"","","","https://sanmiguelwritersconference.org/?lang=es","contacto@sanmiguelfestivalescritores.org","","","http://sic.gob.mx/ficha.php?table=festival&table_id=1115","2026-09-23 14:15:35-06"
235,"Festival Internacional de Cine Guanajuato (GIFF)","","",0,0,0,"","","","https://giff.mx/","info@giff.mx","","","http://sic.gob.mx/ficha.php?table=festival&table_id=235","2026-09-23 14:06:04-06"
446,"Festival Internacional de Jazz y Blues","","",0,0,0,"","","","http://www.sanmigueljazz.com.mx/","infosanmigueljazz@gmail.com","","","http://sic.gob.mx/ficha.php?table=festival&table_id=446","2026-09-23 14:22:45-06"
202,"Festival Internacional de Música de Cámara de San Miguel de Allende","","",0,0,0,"","","","https://www.eticket.mx/eventos.aspx?idArtista=1312","info@festivalsanmiguel.com","","","http://sic.gob.mx/ficha.php?table=festival&table_id=202","2026-09-23 14:52:14-06"
1529,"Guitar-Camera Internacional Celaya ","","",0,0,0,"","","","","direccion@conservatoriocelaya.edu.mx","","","http://sic.gob.mx/ficha.php?table=festival&table_id=1529","2026-09-21 12:07:02-06"
1949,"Feria Nacional de Saberes Ancestrales","","",0,0,0,"","","","","direccion@insmacc.gob.mx","","","http://sic.gob.mx/ficha.php?table=festival&table_id=1949","2026-09-14 13:25:08-06"
1772,"Festival EnTeatrArte","","",0,0,0,"","","","","difusion@insmacc.gob.mx","","","http://sic.gob.mx/ficha.php?table=festival&table_id=1772","2026-09-21 11:43:57-06"
244,"Acércate a la Gente","","",0,0,0,"","","","http://www.guanajuato.gob.mx/cultura/","machagoya@guanajuato.gob.mx","","","http://sic.gob.mx/ficha.php?table=festival&table_id=244","2026-09-22 10:50:45-06"
1762,"Festival Intercultural de Artes Circenses","","",0,0,0,"","","","https://www.adncultura.org/guanajuato-presenta-el-1er-festival-intercultural-de-artes-circenses","","","","http://sic.gob.mx/ficha.php?table=festival&table_id=1762","2020-07-16 07:54:34-05"
737,"Festival Madonnari","","",0,0,0,"","","","https://guanajuato.gob.mx/cultura.php","mhernan@guanajuato.gob.mx ","","","http://sic.gob.mx/ficha.php?table=festival&table_id=737","2026-09-22 14:07:55-06"
1895,"Festival de intervenciones Urbanas (FIU)","","",0,0,0,"","","","https://heraldoirapuato.mx/fiu-irapuato-2026-impulsa-el-arte-urbano-y-la-cultura-local/","museoirapautocd@gmail.com","","","http://sic.gob.mx/ficha.php?table=festival&table_id=1895","2026-09-21 13:48:57-06"
1098,"Festival de Jazz de Irapuato","","",0,0,0,"","","","https://www.irapuato.gob.mx/2024/11/05/estara-noviembre-lleno-de-cultura/","a.soloriorp@gmail.com; imcareventos@gmail.com","","","http://sic.gob.mx/ficha.php?table=festival&table_id=1098","2026-08-04 12:29:14-06"
1897,"Convergencias Festival de Arte Estudiantil","","",0,0,0,"","","","https://cultura.irapuato.gob.mx/wp-content/uploads/2024/12/Estudiantil.pdf","museocdirapuato@gmail.com","","","http://sic.gob.mx/ficha.php?table=festival&table_id=1897","2026-09-21 13:10:41-06"
869,"Festival de la Muerte","","",0,0,0,"","","","http://institutoculturaldeleon.org.mx/","direcciondda@gmail.com","","","http://sic.gob.mx/ficha.php?table=festival&table_id=869","2022-11-25 07:54:12-06"
238,"Festival Nacional de Cortometraje Universitario en Video Cortocinema de La Salle","","",0,0,0,"","","","","cultura@delasalle.edu.mx","","","http://sic.gob.mx/ficha.php?table=festival&table_id=238","2026-09-23 10:55:42-06"
234,"Festival Internacional de Arte Contemporáneo","","",0,0,0,"","","","","direcciondda@gmail.com","","","http://sic.gob.mx/ficha.php?table=festival&table_id=234","2026-09-22 14:34:55-06"
1845,"Festival Internacional de Cine de la Otredad","","",0,0,0,"","","","https://filmfreeway.com/ficotredad","ficotredad@gmail.com","","","http://sic.gob.mx/ficha.php?table=festival&table_id=1845","2026-09-23 10:00:57-06"
1097,"Festival Internacional de Cine Independiente de Pozos (FICIP)","","",0,0,0,"","","","","msilente@gmail.com","","","http://sic.gob.mx/ficha.php?table=festival&table_id=1097","2026-02-03 18:30:27-06"
820,"Festival Internacional de Blues en Pozos","","",0,0,0,"","","","https://guanajuato.mx/evento/festival-internacional-blues-en-pozos-2026/","rgcarrillo2@hotmail.com","","","http://sic.gob.mx/ficha.php?table=festival&table_id=820","2026-09-23 12:34:39-06"
1257,"Festival Cultural de la Toltequidad","","",0,0,0,"","","","https://guanajuato.mx/evento/festival-cultural-de-la-toltequidad-2026/","jalcocerf@guanajuato.gob.mx","","","http://sic.gob.mx/ficha.php?table=festival&table_id=1257","2026-09-23 12:18:51-06"
764,"Festival Internacional de Acapulco La Nao de China","","",0,0,0,"","","","","festivalinternacionalanaoaca@gmail.com","","","http://sic.gob.mx/ficha.php?table=festival&table_id=764","2024-11-29 13:00:33-06"
1530,"13° Festival Regional de Bandas Sinfónicas de Música de Viento","","",0,0,0,"","","","","agcultura_2014@hotmail.com	","","","http://sic.gob.mx/ficha.php?table=festival&table_id=1530","2022-08-11 06:00:15-05"
1531,"XIII Festival de Teatro Universitario ","","",0,0,0,"","","","https://www.festivaldeteatrouniversitario.mx","dir_cultura@uagro.mx","","","http://sic.gob.mx/ficha.php?table=festival&table_id=1531","2018-08-13 14:36:56-05"
198,"Jornadas Alarconianas","","",0,0,0,"","","","https://www.facebook.com/jornadasalarconianas/","leomaciel@yahoo.com","","","http://sic.gob.mx/ficha.php?table=festival&table_id=198","2021-08-16 11:24:47-05"
1918,"Conmemoración del natalicio y muerte del ultimo tlatoani mexica Cuauhtémoc ","","",0,0,0,"","","","","culturaixcateopan2427@gmail.com","","","http://sic.gob.mx/ficha.php?table=festival&table_id=1918","2026-04-22 10:11:49-06"
1092,"Festival de Música Popular Raful Krayem Sánchez","","",0,0,0,"","","","","rosariocambray@hotmail.com","","","http://sic.gob.mx/ficha.php?table=festival&table_id=1092","2022-10-07 05:15:26-05"
1838,"Festival Internacional Agustino Mañutzi 2024","","",0,0,0,"","","","https://festivalagustino.com/","cultura@actopanhidalgo.gob.mx","","","http://sic.gob.mx/ficha.php?table=festival&table_id=1838","2025-05-20 11:24:15-06"
1839,"Festival de lectura, cultura y gastronomía Efrén Rebolledo","","",0,0,0,"","","","","cultura@actopanhidalgo.gob.mx","","","http://sic.gob.mx/ficha.php?table=festival&table_id=1839","2025-04-04 13:21:52-06"
1946,"Festival de Pueblos Originarios Tlajtoli ","","",0,0,0,"","","","https://www.culturahidalgo.gob.mx/observatorio/tlajtoli2026/"," huejutla.comunicacion@gmail.com","","","http://sic.gob.mx/ficha.php?table=festival&table_id=1946","2026-08-31 12:47:30-06"
1742,"5ta. Edición México Suena a Big Band","","",0,0,0,"","","","","bigbandnopala@gmail.com; secretariamunicipal@nopala.gob.mx","","","http://sic.gob.mx/ficha.php?table=festival&table_id=1742","2020-06-03 16:31:54-05"
1748,"Tardes de Cultura en la Presa","","",0,0,0,"","","","","","","","http://sic.gob.mx/ficha.php?table=festival&table_id=1748","2020-07-02 06:13:58-05"
781,"Fiesta para el Mezquital","","",0,0,0,"","","","","arte.mezquital@gmail.com","","","http://sic.gob.mx/ficha.php?table=festival&table_id=781","2026-01-28 11:29:28-06"
1489,"Festival Internacional de Cine de América","","",0,0,0,"","","","https://filmmakers.festhome.com/es/festival/festival-internacional-cine-de-america","contacto@ficahidalgo.com","","","http://sic.gob.mx/ficha.php?table=festival&table_id=1489","2026-01-27 17:38:56-06"
1807,"Feria del Libro Infantil y Juvenil Hidalgo","","",0,0,0,"","","","http://cecultah.hidalgo.gob.mx/						","","","","http://sic.gob.mx/ficha.php?table=festival&table_id=1807","2022-08-03 11:33:26-05"
1532,"Festival Fiesta de Mujeres y Arte","","",0,0,0,"","","","https://www.muvipa.com.mx/articulos/segunda-fiesta-de-mujeres-y-arte/","contacto@ciartesysi.org","","","http://sic.gob.mx/ficha.php?table=festival&table_id=1532","2026-08-19 09:47:09-06"
986,"Festival Internacional de Narradores Orales","","",0,0,0,"","","","http://cultura.hidalgo.gob.mx/","sergioarandav@yahoo.com.mx","","","http://sic.gob.mx/ficha.php?table=festival&table_id=986","2019-10-25 05:49:48-05"
1713,"Festival Cultura y Muerte","","",0,0,0,"","","","","raguer@prodigy.net.mx","","","http://sic.gob.mx/ficha.php?table=festival&table_id=1713","2019-10-25 06:27:43-05"
1660,"ELIPSIS: Encuentro Internacional de Artes y Ciencias Cinematográficas","","",0,0,0,"","","","http://www.cinehidalgo.org/","cinehgo@gmail.com","","","http://sic.gob.mx/ficha.php?table=festival&table_id=1660","2026-03-05 11:21:53-06"
889,"Festival Internacional de la Imagen (FINI)","","",0,0,0,"","","","https://www.uaeh.edu.mx/fini/","lorena.campbell@fini.mx; isamar_chavez@uaeh.edu.mx; idalia_rivera@uaeh.edu.mx","","","http://sic.gob.mx/ficha.php?table=festival&table_id=889","2019-01-11 05:54:12-06"
1711,"Llénate de Tradición, Festival de Cocina Hidalguense","","",0,0,0,"","","","","raguer@prodigy.net.mx","","","http://sic.gob.mx/ficha.php?table=festival&table_id=1711","2025-07-25 16:25:45-06"
1048,"Festival Internacional de Narradores de Cuentos Cuento a Cuento, Mano a Mano","","",0,0,0,"","","","","cuenteritomadrugador@hotmail.com","","","http://sic.gob.mx/ficha.php?table=festival&table_id=1048","2026-05-07 13:33:36-06"
1488,"Hidalgo Film Fest  (cerrado por Covid-19)","","",0,0,0,"","","","http://cultura.hidalgo.gob.mx/eventos/convocatoria-hidalgo-film-fest/","hidalgofilmfest@gmail.com","","","http://sic.gob.mx/ficha.php?table=festival&table_id=1488","2020-03-25 06:49:20-06"
1304,"Fiesta del Viento. Festival del Arte, el oficio y la locura","","",0,0,0,"","","","https://fundacioncalavera.org/fiesta.html","contacto@calaveracanario.org","","","http://sic.gob.mx/ficha.php?table=festival&table_id=1304","2025-09-02 17:19:22-06"
1948,"Festival de Día de Muertos","","",0,0,0,"","","","","","","","http://sic.gob.mx/ficha.php?table=festival&table_id=1948","2026-09-07 12:31:02-06"
1783,"Festival de fomento a la lectura y cultura de Hidalgo Huehue Huitzililhuitl","","",0,0,0,"","","","","cultura@tizayuca.gob.mx","","","http://sic.gob.mx/ficha.php?table=festival&table_id=1783","2026-09-07 12:14:07-06"
1323,"Festival  Internacional de Poesía Ignacio Rodríguez Galván","","",0,0,0,"","","","http://cecultah.hidalgo.gob.mx/","cultura@tizayuca.gob.mx; cecultah@hotmail.com","","","http://sic.gob.mx/ficha.php?table=festival&table_id=1323","2026-09-07 08:50:04-06"
193,"Festival Internacional del Folklor de Hidalgo","","",0,0,0,"","","","","folk_hidalgo@yahoo.com.mx","","","http://sic.gob.mx/ficha.php?table=festival&table_id=193","2018-08-13 14:37:17-05"
1930,"Festival Gastronómico de Pueblos con Sabor y Cocineras Tradicionales, Sabor a Hidalgo ","","",0,0,0,"","","","","","","","http://sic.gob.mx/ficha.php?table=festival&table_id=1930","2026-07-20 11:42:56-06"
567,"Festival Agosto Cultural  Ameca","","",0,0,0,"","","","https://ameca.gob.mx/","ameca@jalisco.gob.mx","","","http://sic.gob.mx/ficha.php?table=festival&table_id=567","2026-03-30 10:08:20-06"
1889,"Festival de la Cazuela Voladora ","","",0,0,0,"","","","","turismo@labarca.gob.mx","","","http://sic.gob.mx/ficha.php?table=festival&table_id=1889","2026-05-12 14:25:09-06"
759,"Festival Cultural de la Ciudad","","",0,0,0,"","","","","c_culturazapotlan@hotmail.com","","","http://sic.gob.mx/ficha.php?table=festival&table_id=759","2018-08-13 14:40:03-05"
1879,"Festival Cultural 434 años de historia y orgullo Colotlense","","",0,0,0,"","","","https://www.colotlan.gob.mx/programa-festival-cultural-2025/","","","","http://sic.gob.mx/ficha.php?table=festival&table_id=1879","2025-08-12 12:42:55-06"
1744,"Encuentro Nacional de Danza Folklórica Mexicana Serenata en la Villita","","",0,0,0,"","","","","","","","http://sic.gob.mx/ficha.php?table=festival&table_id=1744","2020-07-08 07:56:07-05"
1562,"Festival Papirolas","","",0,0,0,"","","","http://www.papirolas.udg.mx","contacto@papirolas.udg.mx; marcela.garcia@papirolas.udg.mx","","","http://sic.gob.mx/ficha.php?table=festival&table_id=1562","2022-06-13 05:04:51-05"
1786,"Pixelatl: El Festival de Animación, Videojuegos, y Cómic","","",0,0,0,"","","","https://elfestival.mx/","info@pixelatl.com","","","http://sic.gob.mx/ficha.php?table=festival&table_id=1786","2026-01-27 09:30:02-06"
1101," Festival Estatal de las Artes de Jalisco (Festa)","","",0,0,0,"","","","http://sc.jalisco.gob.mx/","festajalisco@gmail.com","","","http://sic.gob.mx/ficha.php?table=festival&table_id=1101","2018-09-26 11:49:20-05"
1796,"Festival Internacional de Danza Jalisco / FID Jalisco","","",0,0,0,"","","","http://sc.jalisco.gob.mx/?fbclid=IwAR2KamO_fcKTFZlsbetRsT2McukCBvS0jvyowS-15EjChfj2d0R7XFr1wxw","","","","http://sic.gob.mx/ficha.php?table=festival&table_id=1796","2023-06-20 04:47:25-06"
444,"Festival Cultural de Mayo","","",0,0,0,"","","","https://festivaldemayo.org/","difusionfestival@gmail.com","","","http://sic.gob.mx/ficha.php?table=festival&table_id=444","2026-06-02 13:05:50-06"
1809,"Festival Internacional de Circo Periplo","","",0,0,0,"","","","https://www.elperiplo.com/otrasediciones						","periplofestival@gmail.com	","","","http://sic.gob.mx/ficha.php?table=festival&table_id=1809","2022-08-11 08:11:26-05"
617,"El Festín de los Muñecos, Festival Internacional de Títeres de Guadalajara","","",0,0,0,"","","","http://www.elfestin.org.mx/","festindetiteres@yahoo.com","","","http://sic.gob.mx/ficha.php?table=festival&table_id=617","2026-06-22 11:36:43-06"
1573,"Festival Internacional de Teatro para los Primeros Años","","",0,0,0,"","","","http://www.aladerivateatro.mx","festival.fipa@gmail.com","","","http://sic.gob.mx/ficha.php?table=festival&table_id=1573","2018-09-27 09:56:16-05"
883,"Festival Internacional de Cine con Valores","","",0,0,0,"","","","","fictercermilenio@gmail.com","","","http://sic.gob.mx/ficha.php?table=festival&table_id=883","2019-11-15 06:50:08-06"
931,"Festival de las Letras Europeas","","",0,0,0,"","","","http://www.fil.com.mx/","filny@aol.com","","","http://sic.gob.mx/ficha.php?table=festival&table_id=931","2019-11-15 06:55:47-06"
1723,"Festival Internacional de Danza , Medios Electrónicos y Alternativos Bailar Apantalla","","",0,0,0,"","","","www.festivalbailarapantalla.com","claudia@crisoldance.com","","","http://sic.gob.mx/ficha.php?table=festival&table_id=1723","2020-06-05 13:34:54-05"
279,"Festival Internacional de Danza Contemporánea Onésimo González","","",0,0,0,"","","","https://www.cultura.jalisco.gob.mx","sandra.soto@jalisco.gob.mx;  coordinaciondedanza.jal@gmail.com","","","http://sic.gob.mx/ficha.php?table=festival&table_id=279","2018-09-26 12:54:59-05"
611,"Festival Cultural y Deportivo de Marzo ","","",0,0,0,"","","","https://ldm.gob.mx","","","","http://sic.gob.mx/ficha.php?table=festival&table_id=611","2026-08-13 13:53:27-06"
1693,"Maza Rock Fest","","",0,0,0,"","","","","cultura@mazamitla.gob.mx","","","http://sic.gob.mx/ficha.php?table=festival&table_id=1693","2020-02-19 12:09:08-06"
1923,"Chamacos Jazz Fest 2026","","",0,0,0,"","","","https://jazzday.com/listing/chamacos-jazz-fest-2026/","cuatesycuetes@gmail.com","","","http://sic.gob.mx/ficha.php?table=festival&table_id=1923","2026-05-19 11:36:35-06"
1787,"Festival Vallarta Azteca del Folclor Internacional","","",0,0,0,"","","","","festivalvallarta_azteca@hotmail.com","","","http://sic.gob.mx/ficha.php?table=festival&table_id=1787","2021-09-22 10:20:52-05"
1309,"Congreso Nacional de Danza Jazz Puerto Vallarta","","",0,0,0,"","","","http://danzajazz.com.mx/new/","institutocultura@gmail.com","","","http://sic.gob.mx/ficha.php?table=festival&table_id=1309","2018-08-07 11:18:17-05"
296,"Festival Internacional de Cine en Puerto Vallarta","","",0,0,0,"","","","http://www.ficpv.cuc.udg.mx/","juan.llanes@pv.udg.mx","","","http://sic.gob.mx/ficha.php?table=festival&table_id=296","2023-05-22 08:43:07-06"
1718,"Festival Cultural Talpa","","",0,0,0,"","","","","robzep26@gmail.com","","","http://sic.gob.mx/ficha.php?table=festival&table_id=1718","2020-02-21 04:52:16-06"
1246,"Festival de Cine & Artes","","",0,0,0,"","","","http://www.tapalpafestivaldecine.com.mx/","dolorca@hotmail.com","","","http://sic.gob.mx/ficha.php?table=festival&table_id=1246","2018-07-12 05:50:36-05"
1730,"Festival Cultural Tepatitlán","","",0,0,0,"","","","https://tepatitlan.gob.mx/","","","","http://sic.gob.mx/ficha.php?table=festival&table_id=1730","2020-05-26 14:08:53-05"
623,"Festival Cultural de Tequila","","",0,0,0,"","","","","camara@tequileros.org","","","http://sic.gob.mx/ficha.php?table=festival&table_id=623","2018-08-08 09:49:40-05"
1888,"Tlajo se vive","","",0,0,0,"","","","http://www.tlajomulco.gob.mx","cultura@tlajomulco.gob.mx","","","http://sic.gob.mx/ficha.php?table=festival&table_id=1888","2026-06-18 12:22:30-06"
1932,"Festival Nacional de Máscaras Tradicionales","","",0,0,0,"","","","","arwin.matanael@tlaquepaque.gob.mx","","","http://sic.gob.mx/ficha.php?table=festival&table_id=1932","2026-07-30 12:27:07-06"
1921,"Festival Internacional de Cine de Tequila","","",0,0,0,"","","","https://www.fictequila.com/","cinetequila@gmail.com","","","http://sic.gob.mx/ficha.php?table=festival&table_id=1921","2026-07-20 09:17:50-06"
300,"Festival Cultural Universitario ITESO","","",0,0,0,"","","","https://cultura.iteso.mx/","pcultural@iteso.mx","","","http://sic.gob.mx/ficha.php?table=festival&table_id=300","2026-07-01 10:25:40-06"
1729,"Festival del Globo de Los Altos","","",0,0,0,"","","","","casadelaculturaunion@gmail.com; presidencia_usa@hotmail.com","","","http://sic.gob.mx/ficha.php?table=festival&table_id=1729","2020-06-03 16:43:48-05"
1533,"Festival Lunas de Octubre  ","","",0,0,0,"","","","","arteycultura@yahualica.gob.mx","","","http://sic.gob.mx/ficha.php?table=festival&table_id=1533","2018-05-29 13:42:17-05"
1755,"Fiesta de todos los chiles mexicanos","","",0,0,0,"","","","","arteycultura@yahualica.gob.mx","","","http://sic.gob.mx/ficha.php?table=festival&table_id=1755","2024-04-09 13:36:12-06"
553,"Festival Internacional de Cine en Guadalajara (FICG)","","",0,0,0,"","","","www.ficg.mx","","","","http://sic.gob.mx/ficha.php?table=festival&table_id=553","2022-07-18 11:37:54-05"
1473,"Festival GDLuz","","",0,0,0,"","","","http://www.gdluz.mx/es/","info@gdluz.mx; tania@alteacorp.com","","","http://sic.gob.mx/ficha.php?table=festival&table_id=1473","2026-02-12 18:30:28-06"
304,"Encuentro Internacional del Mariachi y la Charrería","","",0,0,0,"","","","http://www.mariachi-jalisco.com.mx","agendas@mariachi-jalisco.com.mx","","","http://sic.gob.mx/ficha.php?table=festival&table_id=304","2018-08-13 14:38:22-05"
302,"Festival Cultural de las Fiestas de Octubre","","",0,0,0,"","","","https://www.instagram.com/Fiestasdeoctubre/","atamayo@fiestasdeoctubre.com.mx","","","http://sic.gob.mx/ficha.php?table=festival&table_id=302","2026-08-06 10:01:29-06"
1073,"Festival Internacional de Danza Folklórica. Los Colores del Mundo","","",0,0,0,"","","","https://www.facebook.com/festivalcolores/","folcloricorealdejalisco@hotmail.com","","","http://sic.gob.mx/ficha.php?table=festival&table_id=1073","2026-03-06 12:04:21-06"
1758,"Festival Cultural de la Nuez de Castilla","","",0,0,0,"","","","https://www.facebook.com/festivaldelanuez/","esperanza.rascon@amecameca.gob.mx","","","http://sic.gob.mx/ficha.php?table=festival&table_id=1758","2020-06-16 07:33:50-05"
1300,"Festival Aguablanca","","",0,0,0,"","","","","cultura.branshala@gmail.com","","","http://sic.gob.mx/ficha.php?table=festival&table_id=1300","2026-09-03 11:30:30-06"
1715,"Festival Internacional de Cultura","","",0,0,0,"","","","","subcultura.atizapan@gmail.com","","","http://sic.gob.mx/ficha.php?table=festival&table_id=1715","2020-02-24 05:33:30-06"
306,"Festival Cultural Ambaró","","",0,0,0,"","","","https://edomexico.turista.com.mx/noticias/1809-atlacomulco-revela-detalles-iniciales-del-festival-cultural-ambaro-2026","cultura@atlacomulco.gob.mx","","","http://sic.gob.mx/ficha.php?table=festival&table_id=306","2026-09-03 12:27:14-06"
1854,"Festival Internacional Cultural del Mariachi Calimaya","","",0,0,0,"","","","https://www.calimaya.gob.mx/","turismo@calimaya.gob.mx","","","http://sic.gob.mx/ficha.php?table=festival&table_id=1854","2026-09-03 12:36:40-06"
1929,"Festival Guelaguetza Chimalhuacán","","",0,0,0,"","","","https://chimalhuacan.gob.mx/2026/03/18/guelaguetza-chimalhuacan-2026-un-encuentro-de-hermandad-y-tradicion/","","","","http://sic.gob.mx/ficha.php?table=festival&table_id=1929","2026-09-03 12:54:14-06"
712,"Festival Internacional de Cine Universitario Lanterna","","",0,0,0,"","","","https://filmmakers.festhome.com/es/festival/ficu-lanterna","festival.lanterna@gmail.com","","","http://sic.gob.mx/ficha.php?table=festival&table_id=712","2026-09-03 13:42:19-06"
1953,"Feria Regional Jilotepec","","",0,0,0,"","","","","educacionilotepecmex.gob.mx","","","http://sic.gob.mx/ficha.php?table=festival&table_id=1953","2026-09-24 09:07:59-06"
309,"Festival Internacional de Arte y Cultura Quimera","","",0,0,0,"","","","https://www.feriasenmexico.com.mx/festival-quimera-metepec/#google_vignette","festivalinternacionalquimera@gmail.com","","","http://sic.gob.mx/ficha.php?table=festival&table_id=309","2026-09-03 14:24:45-06"
1920,"Festival Internacional de Cine de Teotihuacan FICT","","",0,0,0,"","","","https://www.imcine.gob.mx/nota.php?id=203","festivaldecineteotihuacan@gmail.com","","","http://sic.gob.mx/ficha.php?table=festival&table_id=1920","2026-09-03 14:52:57-06"
1324,"Machincuepa Fest","","",0,0,0,"","","","https://www.facebook.com/Machincuepa-Fest-2016-784554851690861/timeline","machincuepafestinfo@gmail.com","","","http://sic.gob.mx/ficha.php?table=festival&table_id=1324","2018-03-12 12:13:19-06"
312,"Festival de Música Antigua","","",0,0,0,"","","","","cristina_gutierrez@inah.gob.mx","","","http://sic.gob.mx/ficha.php?table=festival&table_id=312","2026-09-10 11:35:04-06"
1503,"FestínARTE. Artes Circenses con malabares y acrobacias, los niños descubren su magia","","",0,0,0,"","","","https://cultura.edomex.gob.mx/?fbclid=IwY2xjawQCxepleHRuA2FlbQIxMABicmlkETIyeDFOQmhPWU5vcmdaWEV4c3J0YwZhcHBfaWQQMjIyMDM5MTc4ODIwMDg5MgABHvG3zIninoCGjvA7e2zrjTvxU1dZ3AcbyWWgUDkjHamGjiapu7Fwr3kJOfu7_aem_eRgHyF3qw9IbOjz5Vm7WrQ","ccmb.coordinacion@gmail.com","","","http://sic.gob.mx/ficha.php?table=festival&table_id=1503","2026-02-18 10:34:17-06"
1428,"Festival de Música Vientos de la Montaña","","",0,0,0,"","","","https://www.facebook.com/festivalmusical.montaniatexcoco/","cultura@texcoco.gob.mx; vientosdelamontania@gmail.com","","","http://sic.gob.mx/ficha.php?table=festival&table_id=1428","2026-08-28 10:36:01-06"
1459,"Festival Día Internacional de la Danza","","",0,0,0,"","","","","culturatlalne@gmail.com","","","http://sic.gob.mx/ficha.php?table=festival&table_id=1459","2026-06-23 13:05:42-06"
1456,"Festival Posada Navideña","","",0,0,0,"","","","","casastlalnepantla@hotmail.com","","","http://sic.gob.mx/ficha.php?table=festival&table_id=1456","2026-06-04 13:08:14-06"
313,"Feria y Festival Cultural del Alfeñique","","",0,0,0,"","","","https://www.milenio.com/espectaculos/musica/feria-alfenique-2026-calendario-conciertos-artistas-fechas-toluca","ricardogr27@hotmail.com","","","http://sic.gob.mx/ficha.php?table=festival&table_id=313","2026-09-14 12:10:22-06"
1914,"11ª Bienal Internacional de Arte Visual Universitario","","",0,0,0,"","","","https://bienaldeartesvisuales.uaemex.mx","mtcontrerasg@uaemex.mx","","","http://sic.gob.mx/ficha.php?table=festival&table_id=1914","2026-03-30 09:02:56-06"
1907,"Festival Inmersivo de Arte Multimedia Hibridaciones","","",0,0,0,"","","","","","","","http://sic.gob.mx/ficha.php?table=festival&table_id=1907","2026-09-17 10:58:07-06"
631,"Festival Internacional de Cortometrajes Cine, Cultura y Vida","","",0,0,0,"","","","","info@cicuvi.com","","","http://sic.gob.mx/ficha.php?table=festival&table_id=631","2016-10-24 10:07:13-05"
1906,"Festival de Literatura Letras en Comunidad","","",0,0,0,"","","","","mmartinezl003@uaemex.mx","","","http://sic.gob.mx/ficha.php?table=festival&table_id=1906","2026-09-17 13:54:16-06"
1908,"Festival de Danza: Alma Expresión y Movimiento","","",0,0,0,"","","","http://sic.uaemex.mx/espacios-culturales/centro-cultural-universitario-casa-de-las-diligencias/directorio-diligencias.html","ccu.diligencias@gmail.com","","","http://sic.gob.mx/ficha.php?table=festival&table_id=1908","2026-09-14 11:30:42-06"
1911,"Festival de Grabado Incisiones Gráficas","","",0,0,0,"","","","https://themesh.art/en/eventos/festival-de-grabado-incisiones-graficas/","","","","http://sic.gob.mx/ficha.php?table=festival&table_id=1911","2026-09-15 12:04:49-06"
328,"Festival del Quinto Sol","","",0,0,0,"","","","http://patrimonioyserviciosc.edomex.gob.mx/festival_quinto_sol  ","ccmb.coordinacion@gmail.com","","","http://sic.gob.mx/ficha.php?table=festival&table_id=328","2026-09-18 11:17:26-06"
532,"Festival de las Almas, Estado de México ","","",0,0,0,"","","","http://cultura.edomex.gob.mx/","s.albiter@gmail.com","","","http://sic.gob.mx/ficha.php?table=festival&table_id=532","2026-09-17 14:36:52-06"
1910,"Festival de Cine, Animación y Arte secuencial: KINEMA-TITLAN","","",0,0,0,"","","","","","","","http://sic.gob.mx/ficha.php?table=festival&table_id=1910","2026-03-24 13:41:41-06"
842,"Festival Cultural José María Velasco","","",0,0,0,"","","","","direductemas@hotmail.com; moto50valdo@hotmail.com","","","http://sic.gob.mx/ficha.php?table=festival&table_id=842","2026-07-06 11:01:57-06"
1779,"Tlanchana Fest, Festival de Cine y Arte Digital","","",0,0,0,"","","","http://www.tlanchanafest.xyz","info@tlanchanafest.xyz","","","http://sic.gob.mx/ficha.php?table=festival&table_id=1779","2026-09-18 12:28:04-06"
1905,"Festival de la Música Sonoridades Abiertas","","",0,0,0,"","","","","electrónico:mmartinezl003@uaemex.mx","","","http://sic.gob.mx/ficha.php?table=festival&table_id=1905","2026-09-17 14:03:50-06"
1519,"Festival de Danza Patria Mia","","",0,0,0,"","","","","festivalpatriamia@hotmail.com","","","http://sic.gob.mx/ficha.php?table=festival&table_id=1519","2019-04-12 07:40:46-05"
1070,"Festival Internacional de Danza Tierra del Sol","","",0,0,0,"","","","","festivaltierradelsol@hotmail.com","","","http://sic.gob.mx/ficha.php?table=festival&table_id=1070","2026-09-18 10:41:02-06"
1939,"Festival de Tzompantli ","","",0,0,0,"","","","","","","","http://sic.gob.mx/ficha.php?table=festival&table_id=1939","2026-08-20 12:51:41-06"
1789,"Apatzingán Festival Internacional de Cine AFIC","","",0,0,0,"","","","http://www.afic.com.mx/","","","","http://sic.gob.mx/ficha.php?table=festival&table_id=1789","2022-02-11 07:11:07-06"
1753,"Festival Cultural Lagunillas","","",0,0,0,"","","","https://www.eldiariovision.com.mx/noticia/nota,81106/t,Presenta+Lagunillas+su+Festival+Cultural+2019/","","","","http://sic.gob.mx/ficha.php?table=festival&table_id=1753","2020-07-14 17:05:31-05"
1574,"Festival Expo Arena La Soledad","","",0,0,0,"","","","","evangelinab59@gmail.com","","","http://sic.gob.mx/ficha.php?table=festival&table_id=1574","2026-02-25 09:57:46-06"
919,"Festival de Poesía Palabra en el Mundo","","",0,0,0,"","","","http://palabraenelmundo.blogspot.com/","","","","http://sic.gob.mx/ficha.php?table=festival&table_id=919","2025-11-27 19:17:46-06"
1686,"Festival Itinerante de Cultura, Psicología y Arte","","",0,0,0,"","","","https://psicologiaydesarrollocomunitario.com/","ampdc.mex@gmail.com","","","http://sic.gob.mx/ficha.php?table=festival&table_id=1686","2024-10-29 09:35:23-06"
1480,"Festival Infantil del Folclor Nacional Michoacán ","","",0,0,0,"","","","","platon_15a@hotmail.com","","","http://sic.gob.mx/ficha.php?table=festival&table_id=1480","2018-11-22 12:23:54-06"
1687,"Festival Internacional de Gastronomía y Vino de México.  Morelia en Boca 2020","","",0,0,0,"","","","www.moreliaenboca.com","informacion@moreliaenboca.com","","","http://sic.gob.mx/ficha.php?table=festival&table_id=1687","2020-02-21 04:33:34-06"
345,"Festival de Música de Morelia Miguel Bernal Jiménez","","",0,0,0,"","","","https://festivalmorelia.mx/","contacto@festivalmorelia.mx","","","http://sic.gob.mx/ficha.php?table=festival&table_id=345","2022-07-15 07:56:07-05"
771,"Festival Internacional de Danza Contemporánea Red Serpiente","","",0,0,0,"","","","","proyectoserpiente@gmail.com","","","http://sic.gob.mx/ficha.php?table=festival&table_id=771","2026-02-17 19:19:53-06"
1435,"Festival Internacional de Mapping","","",0,0,0,"","","","http://www.fimapping.mx/inicio","info@fimapping.mx","","","http://sic.gob.mx/ficha.php?table=festival&table_id=1435","2025-10-06 18:23:56-06"
641,"Festival Cultural del Pelícano Borregón","","",0,0,0,"","","","https://cultura.michoacan.gob.mx/noticias/programa-15o-festival-biocultural-del-pelicano-borregon/","relacionmunicipios2016@gmail.com","","","http://sic.gob.mx/ficha.php?table=festival&table_id=641","2026-05-26 19:34:43-06"
1745,"Festival de Arte para Todxs","","",0,0,0,"","","","www.contenedordearte.org						","contenedordearte@gmail.com	","","","http://sic.gob.mx/ficha.php?table=festival&table_id=1745","2024-06-25 11:21:29-06"
482,"Jazztival Michoacán","","",0,0,0,"","","","http://www.jazztivalmichoacan.org/; https//www.facebook.com/jazztivalmichoacan/","jazztivalmichoacan@gmail.com","","","http://sic.gob.mx/ficha.php?table=festival&table_id=482","2019-09-26 07:34:08-05"
1082,"Michoacán en el Cine, el Cine en Michoacán","","",0,0,0,"","","","","cielomich@gmail.com","","","http://sic.gob.mx/ficha.php?table=festival&table_id=1082","2026-02-05 08:58:02-06"
521,"Festival Internacional de Guitarra de Morelia","","",0,0,0,"","","","","figmoficial@gmail.com","","","http://sic.gob.mx/ficha.php?table=festival&table_id=521","2020-08-04 15:50:56-05"
477,"Festival Internacional de Cine de Morelia (FICM)","","",0,0,0,"","","","www.moreliafilmfest.com","info@moreliafilmfest.com	","","","http://sic.gob.mx/ficha.php?table=festival&table_id=477","2026-09-24 09:46:19-06"
511,"Festival Internacional de Danza Contemporánea","","",0,0,0,"","","","http://www.cultura.michoacan.gob.mx","","","","http://sic.gob.mx/ficha.php?table=festival&table_id=511","2017-06-16 09:18:06-05"
1806,"5o Festival para la Primera Infancia de Morelia","","",0,0,0,"","","","https://primerainfanciamor.wixsite.com/morelia","festivalprimerainfanciamorelia@gmail.com","","","http://sic.gob.mx/ficha.php?table=festival&table_id=1806","2022-08-12 06:19:27-05"
1670,"Festival Internacional de Órgano de Morelia","","",0,0,0,"","","","https://www.festivaldeorganodemorelia.org","juanboscovega@hotmail.com","","","http://sic.gob.mx/ficha.php?table=festival&table_id=1670","2019-09-23 06:54:06-05"
479,"Festival Internacional de Órgano de Morelia Alfonso Vega Núñez","","",0,0,0,"","","","https://www.facebook.com/FIOMorelia?fref=ts","scmusica.cultura@gmail.com","","","http://sic.gob.mx/ficha.php?table=festival&table_id=479","2026-08-27 08:42:00-06"
757,"Festival de Cine y Video Indígena (FECVI)","","",0,0,0,"","","","https://www.culturaspopulareseindigenas.gob.mx/pdf/2019/15%20festival.pdf","","","","http://sic.gob.mx/ficha.php?table=festival&table_id=757","2024-04-08 13:35:56-06"
1680,"Festival Internacional de Guitarra de Morelia","","",0,0,0,"","","","","figmorelia2019@gmail.com","","","http://sic.gob.mx/ficha.php?table=festival&table_id=1680","2021-09-29 06:21:57-05"
1794,"TITERELIA, Festival Internacional de Títeres Morelia","","",0,0,0,"","","","","fitmorelia@gmailcom","","","http://sic.gob.mx/ficha.php?table=festival&table_id=1794","2022-08-08 05:05:40-05"
1087,"XI Festival Internacional de Danza Folklórica Prof. J. Roberto García Marín","","",0,0,0,"","","","cultura.michoacan.gob.mx","","","","http://sic.gob.mx/ficha.php?table=festival&table_id=1087","2019-09-19 12:50:42-05"
1564,"Feria de los Pueblos Mágicos","","",0,0,0,"","","","","","","","http://sic.gob.mx/ficha.php?table=festival&table_id=1564","2020-06-06 07:36:28-05"
1261,"Festival Internacional de Cine de Michoacán en Parácuaro","","",0,0,0,"","","","https://www.facebook.com/events/1602093006745102/","presidencia.paracuaro@hotmail.com","","","http://sic.gob.mx/ficha.php?table=festival&table_id=1261","2017-08-09 13:23:12-05"
936,"Cantoya Fiesta y Color 2026","","",0,0,0,"","","","https://www.paracho.gob.mx/","contacto@paracho.gob.mx ","","","http://sic.gob.mx/ficha.php?table=festival&table_id=936","2026-04-29 13:52:25-06"
1840,"Cantoya Fest ","","",0,0,0,"","","","https://cantoyafest.mx/?fbclid=IwY2xjawFOl9lleHRuA2FlbQIxMAABHShsdO7JV1xyztsbbkEDLSJs3-DMVLTWn3w9oB2weQ53b3NB08PhF9xcAQ_aem_x1Lgwl7m-r2YYRTDXjxF6w","","","","http://sic.gob.mx/ficha.php?table=festival&table_id=1840","2026-06-23 12:01:13-06"
480,"Festival Internacional de Títeres de Morelia","","",0,0,0,"","","","","fitmorelia@gmail.com","","","http://sic.gob.mx/ficha.php?table=festival&table_id=480","2026-07-29 13:17:49-06"
1681,"AVOFEST  Uruapan la capital mundial del aguacate, Primera Edición.","","",0,0,0,"","","","www.uruapan.gob.mx","presidencia@uruapan.gob.mx,  avofest_upn@hotmail.com","","","http://sic.gob.mx/ficha.php?table=festival&table_id=1681","2019-09-26 06:11:32-05"
701,"Festival Mundial de la Danza y Artes Michoacán México  FEMDAMM","","",0,0,0,"","","","","balletfolkloricoyurecuaro@hotmail.com","","","http://sic.gob.mx/ficha.php?table=festival&table_id=701","2021-03-09 06:18:05-06"
1793,"Gala Folklórica México en Morelos","","",0,0,0,"","","","","luc_arenales@hotmail.com","","","http://sic.gob.mx/ficha.php?table=festival&table_id=1793","2022-06-01 07:29:21-05"
1443,"Luces de Atlatlahucan","","",0,0,0,"","","","https://www.atlatlahucan.gob.mx/","accionesatlatlahucan@gmail.com","","","http://sic.gob.mx/ficha.php?table=festival&table_id=1443","2024-02-22 07:20:24-06"
1747,"Festival Internacional de Música Antigua Barroquisimo","","",0,0,0,"","","","https://cartelera.morelos.gob.mx/","","","","http://sic.gob.mx/ficha.php?table=festival&table_id=1747","2021-03-19 05:23:15-06"
790,"Festival Miquixtli","","",0,0,0,"","","","https://www.morelos.gob.mx/temas-de-interes/festival-miquixtli","francisco.lopez@morelos.gob.mx; olivia.bobadilla@morelos.gob.mx","","","http://sic.gob.mx/ficha.php?table=festival&table_id=790","2024-10-22 11:33:03-06"
711,"Festival Internacional de Cine y Medio Ambiente de México","","",0,0,0,"","","","https://filmfreeway.com/CinemaPlaneta","contacto@cinemaplaneta.org","","","http://sic.gob.mx/ficha.php?table=festival&table_id=711","2020-04-15 09:19:46-05"
1536,"La Semana de las Artes","","",0,0,0,"","","","https://cma.morelos.gob.mx/","sec.academico@cmamorelos.edu.mx","","","http://sic.gob.mx/ficha.php?table=festival&table_id=1536","2026-06-09 11:05:06-06"
1538,"9o FICMO - Festival Internacional de Cabaret Morelos 2023","","",0,0,0,"","","","www.cultura.morelos.gob.mx","manuel.zepeda@morelos.gob.mx","","","http://sic.gob.mx/ficha.php?table=festival&table_id=1538","2025-10-30 13:05:51-06"
898,"Festival Internacional de la Primavera Morelos","","",0,0,0,"","","","","cristina.faesler@morelos.gob.mx; fomentoalasartes@gmail.com","","","http://sic.gob.mx/ficha.php?table=festival&table_id=898","2018-11-23 08:42:07-06"
1759,"Encuentro de Bandas en Morelos","","",0,0,0,"","","","http://turismoycultura.morelos.gob.mx/","francisco.lopez@morelos.gob.mx","","","http://sic.gob.mx/ficha.php?table=festival&table_id=1759","2020-06-16 09:09:11-05"
1741,"Festival Luz Decembrina","","",0,0,0,"","","","https://www.morelos.gob.mx/","karla.jaramillos@morelos.gob.mx","","","http://sic.gob.mx/ficha.php?table=festival&table_id=1741","2024-10-22 14:01:13-06"
1697,"Festival Nacional del Globo","","",0,0,0,"","","","","contacto@spectare.com.mx","","","http://sic.gob.mx/ficha.php?table=festival&table_id=1697","2026-07-06 13:00:46-06"
1812,"Festival del Juego  ¡Aquí jugamos tod@as!","","",0,0,0,"","","","https://lajugarreta.org.mx/?fbclid=IwAR2b2ml7zDC1GuvnX7I98D67uKLoGvYPXD-VDHXHxGbODIGb5mm-UFIDeM4		","info@lajugarreta.org.mx	","","","http://sic.gob.mx/ficha.php?table=festival&table_id=1812","2023-06-08 05:57:03-06"
359,"Festival Cultural de la Música y el Barro Tlayacapan ","","",0,0,0,"","","","","tlayacapan_presidencia0609@yahoo.com.mx","","","http://sic.gob.mx/ficha.php?table=festival&table_id=359","2026-08-12 12:04:43-06"
360,"Encuentro Nacional de Bandas de Tlayacapan","","",0,0,0,"","","","https://www.tlayacapan.gob.mx/","presidencia@tlayacapan.gob.mx","","","http://sic.gob.mx/ficha.php?table=festival&table_id=360","2026-06-03 11:23:47-06"
1766,"Festival Gastronómico Cultural de la Nieve de Xochitepec","","",0,0,0,"","","","","turismo@xochitepec.gob.mx","","","http://sic.gob.mx/ficha.php?table=festival&table_id=1766","2026-07-22 11:52:59-06"
1765,"Festival Cocoyoc Cultural","","",0,0,0,"","","","","","","","http://sic.gob.mx/ficha.php?table=festival&table_id=1765","2020-07-16 07:58:59-05"
380,"Festival Cultural de Nayarit en Acaponeta","","",0,0,0,"","","","","culturaacaponeta@gmail.com","","","http://sic.gob.mx/ficha.php?table=festival&table_id=380","2018-11-23 09:26:23-06"
1251,"Festival Letras en Tepic","","",0,0,0,"","","","","arteycultura@tepic.gob.mx","","","http://sic.gob.mx/ficha.php?table=festival&table_id=1251","2021-12-16 04:39:35-06"
489,"Festival de Culturas Populares","","",0,0,0,"","","","","","","","http://sic.gob.mx/ficha.php?table=festival&table_id=489","2018-11-23 10:08:52-06"
1893,"Festival de las Almas Eternas","","",0,0,0,"","","","","","","","http://sic.gob.mx/ficha.php?table=festival&table_id=1893","2025-10-29 13:08:02-06"
1819,"Festival Cultural Amado Nervo","","",0,0,0,"","","","","dg.cecan@nayarit.gob.mx","","","http://sic.gob.mx/ficha.php?table=festival&table_id=1819","2025-10-29 13:10:55-06"
493,"Festival Internacional de Piano Sala Beethoven","","",0,0,0,"","","","https://www.salabeethoven.com.mx/festival/","sala_beethoven@yahoo.com","","","http://sic.gob.mx/ficha.php?table=festival&table_id=493","2018-11-26 08:29:49-06"
814,"San Pedro Artefest","","",0,0,0,"","","","hhttps://spartefesti.com/","antonio.pichardo@sanpedro.gob.mx","","","http://sic.gob.mx/ficha.php?table=festival&table_id=814","2018-10-02 09:50:51-05"
1418,"Festival Internacional de Guitarra Clásica UANL","","",0,0,0,"","","","","","","","http://sic.gob.mx/ficha.php?table=festival&table_id=1418","2025-11-19 17:52:39-06"
1060,"Callegenera. Festival de Expresiones Urbanas","","",0,0,0,"","","","https://conarte.org.mx/colecciones/callegenera-festival-de-expresiones-urbanas-2020/","contacto@conarte.org.mx","","","http://sic.gob.mx/ficha.php?table=festival&table_id=1060","2021-07-22 10:05:33-05"
491,"Festival Internacional de Danza Extremadura Lenguaje Contemporáneo","","",0,0,0,"","","","","festivaldanzaextremadura1@gmail.com","","","http://sic.gob.mx/ficha.php?table=festival&table_id=491","2018-10-02 08:11:58-05"
1867,"Festival Familiar CONARTE 2025","","",0,0,0,"","","","https://conarte.org.mx/","servicioseducativos@conarte.org.mx","","","http://sic.gob.mx/ficha.php?table=festival&table_id=1867","2025-06-17 11:14:39-06"
1474,"Festival Danzonero Monterrey","","",0,0,0,"","","","","danzoneradigital@gmail.com","","","http://sic.gob.mx/ficha.php?table=festival&table_id=1474","2018-11-23 10:12:01-06"
819,"Festival Ternium de Cine Latinoamericano  ","","",0,0,0,"","","","https://festivaldecinelatinoamericano.com/","criverfl@ternium.com.mx","","","http://sic.gob.mx/ficha.php?table=festival&table_id=819","2025-12-15 18:05:58-06"
774,"Festival Internacional de Santa Lucía","","",0,0,0,"","","","http://www.festivalsantalucia.gob.mx","santaluciafestival@gmail.com","","","http://sic.gob.mx/ficha.php?table=festival&table_id=774","2022-06-29 12:27:32-05"
1490,"Festival de Pantomima Monterrey ","","",0,0,0,"","","","http://conarte.org.mx/colecciones/5-festival-de-pantomima-monterrey-2017/","gchapa@conarte.org.mx","","","http://sic.gob.mx/ficha.php?table=festival&table_id=1490","2018-11-30 10:21:12-06"
906,"Festival Internacional de Guitarra de Monterrey","","",0,0,0,"","","","https://www.facebook.com/guitarramonterrey?fref=ts","pedrosergiosalcedo@gmail.com; apadilla@esmdm.edu.mx; difusion@esmdm.edu.mx","","","http://sic.gob.mx/ficha.php?table=festival&table_id=906","2026-08-17 11:38:33-06"
389,"Festibaúl de Títeres","","",0,0,0,"","","","http://www.baulteatro.com","baul@baulteatro.com","","","http://sic.gob.mx/ficha.php?table=festival&table_id=389","2023-10-19 03:17:27-06"
378,"Mitote Folklórico","","",0,0,0,"","","","https://conarte.org.mx/","rualdo@conarte.org.mx","","","http://sic.gob.mx/ficha.php?table=festival&table_id=378","2026-06-17 14:07:44-06"
377,"Festival de Arte Flamenco","","",0,0,0,"","","","https://www.facebook.com/festivalflamencomonterrey/?locale=es_LA","rualdo@conarte.org.mx","","","http://sic.gob.mx/ficha.php?table=festival&table_id=377","2026-01-22 19:31:24-06"
379,"Encuentro Metropolitano de Danza Contemporánea","","",0,0,0,"","","","http://www.conarte.org.mx","rualdo@conarte.org.mx","","","http://sic.gob.mx/ficha.php?table=festival&table_id=379","2018-11-26 08:10:18-06"
1351,"Festival de Jazz Nuevo León","","",0,0,0,"","","","","contacto@conarte.org.mx ","","","http://sic.gob.mx/ficha.php?table=festival&table_id=1351","2018-03-13 09:51:33-06"
549,"Festival Internacional de Cine de Monterrey","","",0,0,0,"","","","https://www.monterreyfilmfestival.com/","info@monterreyfilmfestival.com","","","http://sic.gob.mx/ficha.php?table=festival&table_id=549","2022-06-27 08:03:25-05"
582,"Festival Bella Vía","","",0,0,0,"","","","","bellavia10@gmail.com; festivalbellavia10@gmail.com","","","http://sic.gob.mx/ficha.php?table=festival&table_id=582","2026-06-25 10:34:27-06"
1343,"Así baila México Festival Folklórico","","",0,0,0,"","","","","amorales@3museos.com","","","http://sic.gob.mx/ficha.php?table=festival&table_id=1343","2026-05-26 18:49:17-06"
1810,"Festival Internacional Universitario de las Artes Escénicas FAE UANL ","","",0,0,0,"","","","www.escenicas.uanl.mx						","vinculacionfae@gmail.com	","","","http://sic.gob.mx/ficha.php?table=festival&table_id=1810","2022-07-19 12:06:51-05"
44,"Festival Internacional Alfonsino","","",0,0,0,"","","","http://www.uanl.mx"," cultura@uanl.mx ","","","http://sic.gob.mx/ficha.php?table=festival&table_id=44","2021-08-26 04:13:30-05"
1318,"Festival Internacional de Música Mexicana","","",0,0,0,"","","","https://www.facebook.com/fimmuanl/","diana.rangell@uanl.mx","","","http://sic.gob.mx/ficha.php?table=festival&table_id=1318","2018-11-26 08:00:28-06"
501,"Festival del Río","","",0,0,0,"","","","","informes@foroecologicojuchiteco.org","","","http://sic.gob.mx/ficha.php?table=festival&table_id=501","2026-02-17 19:28:51-06"
830,"Festival Internacional de Cine Oaxaca Film Fest","","",0,0,0,"","","","www.oaxacafilmfest.com","contact@oaxacafilmfest.com","","","http://sic.gob.mx/ficha.php?table=festival&table_id=830","2022-03-17 03:23:39-06"
505,"Guelaguetza","","",0,0,0,"","","","https://guelaguetza.oaxaca.gob.mx/","guelaguetza2020.infoseculta@gmail.com","","","http://sic.gob.mx/ficha.php?table=festival&table_id=505","2026-06-22 14:23:39-06"
1373,"Festival Nacional del Danzón","","",0,0,0,"","","","https://danzonoaxaca.blogspot.com/","danzonoaxaca@gmail.com","","","http://sic.gob.mx/ficha.php?table=festival&table_id=1373","2026-06-04 13:18:06-06"
497,"Festival Internacional de Órgano y Música Antigua","","",0,0,0,"","","","https://www.iohio.org.mx/es/2023-2025","iohio@iohio.org.mx","","","http://sic.gob.mx/ficha.php?table=festival&table_id=497","2026-05-25 18:10:14-06"
1157,"Festival de Cuentos para Niños (Pospuesto para Septiembre por COVID-19)","","",0,0,0,"","","","http://www.cuentosgrandes.com/","angel@cuentosgrandes.com","","","http://sic.gob.mx/ficha.php?table=festival&table_id=1157","2020-04-03 09:43:54-06"
1706,"Festival del Puerto","","",0,0,0,"","","","","info@festivaldelpuerto.com","","","http://sic.gob.mx/ficha.php?table=festival&table_id=1706","2021-09-29 04:38:36-05"
1502,"Festival Internacional de Jazz de Mazunte","","",0,0,0,"","","","http://www.mazuntejazz.com/","","","","http://sic.gob.mx/ficha.php?table=festival&table_id=1502","2020-06-04 12:45:00-05"
1901,"Feria Anual Santo Domingo Armenta ","","",0,0,0,"","","","","municipioarmenta25.27@gmail.com","","","http://sic.gob.mx/ficha.php?table=festival&table_id=1901","2026-02-25 12:38:09-06"
1943,"LX Feria Nacional del Huipil","","",0,0,0,"","","","https://ayuntamientocuetzalandelprogreso.com/","dif@cuetzalan.gob.mx","","","http://sic.gob.mx/ficha.php?table=festival&table_id=1943","2026-09-01 12:02:23-06"
1916,"Festival de la Luz y de la Vida","","",0,0,0,"","","","","","","","http://sic.gob.mx/ficha.php?table=festival&table_id=1916","2026-03-30 14:03:42-06"
1913,"Festival del Equinoccio","","",0,0,0,"","","","","cultura@chignahuapan.gob.mx","","","http://sic.gob.mx/ficha.php?table=festival&table_id=1913","2026-03-27 14:23:06-06"
1915,"Festival Patrio Encuentro Nacional de Tradiciones","","",0,0,0,"","","","","","","","http://sic.gob.mx/ficha.php?table=festival&table_id=1915","2026-03-30 11:22:44-06"
1909,"Festival de Capulina","","",0,0,0,"","","","","cultura@chignahuapan.gob.mx","","","http://sic.gob.mx/ficha.php?table=festival&table_id=1909","2026-03-24 12:58:55-06"
1912,"Festival del Folklore","","",0,0,0,"","","","","cultura@chignahuapan.gob.mx","","","http://sic.gob.mx/ficha.php?table=festival&table_id=1912","2026-03-30 13:57:38-06"
1283,"Festival del Mole ","","",0,0,0,"","","","","ccultura_fridakahlo@hotmail.com, turismo.pahuatlan.gob@hotmail.com","","","http://sic.gob.mx/ficha.php?table=festival&table_id=1283","2017-10-23 10:42:01-05"
1284,"Festival Cultural de la Sierra","","",0,0,0,"","","","","jefatura.opm@gmail.com; educacioncydmpiopahuatlan@gmail.com","","","http://sic.gob.mx/ficha.php?table=festival&table_id=1284","2026-04-15 12:06:24-06"
1690,"Fiestas Patrias","","",0,0,0,"","","","http://www.imacp.gob.mx","alan.gab.imacp@gmail.com","","","http://sic.gob.mx/ficha.php?table=festival&table_id=1690","2020-02-21 04:38:45-06"
748,"Agite y Sirva. Festival Itinerante de Videodanza","","",0,0,0,"","","","http://www.agiteysirva.com","ximena@agiteysirva.com; fest@agiteysirva.com","","","http://sic.gob.mx/ficha.php?table=festival&table_id=748","2020-06-05 13:41:58-05"
341,"Festival Huey Atlixcáyotl","","",0,0,0,"","","","http://sc.puebla.gob.mx/","artesplasticasyescenicas@puebla.gob.mx	","","","http://sic.gob.mx/ficha.php?table=festival&table_id=341","2022-08-11 06:40:37-05"
1265,"Festival Diverso. Arte para la Inclusión","","",0,0,0,"","","","http://www.imacp.gob.mx/","gcarbajalperez@gmail.com","","","http://sic.gob.mx/ficha.php?table=festival&table_id=1265","2020-02-20 12:26:11-06"
1862,"Festival Navideño Puebla ","","",0,0,0,"","","","https://www.pueblacapital.gob.mx"," imacpsubdirecciondedifusioncul@gmail.com","","","http://sic.gob.mx/ficha.php?table=festival&table_id=1862","2026-09-01 13:16:42-06"
1237,"Pasión: Música Sacra","","",0,0,0,"","","","http://imacp.gob.mx/","emmanuelrp.imacp@gmail.com","","","http://sic.gob.mx/ficha.php?table=festival&table_id=1237","2020-02-20 13:47:19-06"
571,"Festival La Muerte es un Sueño","","",0,0,0,"","",""," https://www.pueblacapital.gob.mx","imacpsubdirecciondedifusioncul@gmail.com","","","http://sic.gob.mx/ficha.php?table=festival&table_id=571","2025-02-12 09:50:28-06"
1264,"CINETEKTON Festival Internacional de Cine y Arquitectura ","","",0,0,0,"","","","www.docsmx.org						","contacto@cinetekton.org	","","","http://sic.gob.mx/ficha.php?table=festival&table_id=1264","2022-08-11 07:38:07-05"
343,"Festival Internacional Rodará, Circo y Clown","","",0,0,0,"","","","http://www.rodara.mx/","festival@rodara.com","","","http://sic.gob.mx/ficha.php?table=festival&table_id=343","2018-11-28 06:07:25-06"
1817,"Festival Internacional de Puebla ","","",0,0,0,"","","","http://sc.puebla.gob.mx/						","artesplasticasyescenicas@puebla.gob.mx	","","","http://sic.gob.mx/ficha.php?table=festival&table_id=1817","2026-02-18 14:18:31-06"
1411,"Festival Vías Alternas","","",0,0,0,"","","","http://museoferrocarrilesmexicanos.gob.mx/","museoferrocarriles@cultura.gob.mx","","","http://sic.gob.mx/ficha.php?table=festival&table_id=1411","2018-09-14 12:34:49-05"
1552,"Festival Internacional de Narración Oral Cuéntalee Puebla","","",0,0,0,"","","","","","","","http://sic.gob.mx/ficha.php?table=festival&table_id=1552","2025-10-22 16:39:18-06"
1822,"Festival Libros para viajar","","",0,0,0,"","","","https://museoferrocarrilesmexicanos.cultura.gob.mx/","museoferrocarriles@cultura.gob.mx","","","http://sic.gob.mx/ficha.php?table=festival&table_id=1822","2023-06-27 07:03:53-06"
1692,"Festival de Huehues","","",0,0,0,"","","","https://imacp.pueblacapital.gob.mx/","oficialiadepartes.imacp@ayuntamientopuebla.gob.mx","","","http://sic.gob.mx/ficha.php?table=festival&table_id=1692","2026-08-11 14:13:49-06"
339,"Festival del Mole Poblano","","",0,0,0,"","","","","eventos@puebla.canirac.org.mx; puebla@canirac.org.m x","","","http://sic.gob.mx/ficha.php?table=festival&table_id=339","2025-12-15 17:30:54-06"
1429,"Festival Internacional de Cine Silente","","",0,0,0,"","","","https://www.facebook.com/ficsilente/","museoferrocarriles@cultura.gob.mx","","","http://sic.gob.mx/ficha.php?table=festival&table_id=1429","2023-06-06 05:31:34-06"
1861,"Festival Fundación de Puebla","","",0,0,0,"","","","https://oem.com.mx/elsoldepuebla/cultura/celebra-la-fundacion-de-puebla-con-el-festival-origen-conoce-la-cartelera-29481623","imacpsubdirecciondedifusioncul@gmail.com","","","http://sic.gob.mx/ficha.php?table=festival&table_id=1861","2026-06-17 13:34:59-06"
1241,"Festival Alas sobre rieles","","",0,0,0,"","","","http://museoferrocarrilesmexicanos.gob.mx/","museoferrocarriles@cultura.gob.mx","","","http://sic.gob.mx/ficha.php?table=festival&table_id=1241","2023-06-27 06:42:31-06"
1708,"Festival Vías Alternas de la Interculturalidad","","",0,0,0,"","","","https://museoferrocarrilesmexicanos.cultura.gob.mx/","museoferrocarriles@cultura.gob.mx","","","http://sic.gob.mx/ficha.php?table=festival&table_id=1708","2023-06-27 06:41:39-06"
1821,"Festival Estación verano","","",0,0,0,"","","","https://museoferrocarrilesmexicanos.cultura.gob.mx/","museoferrocarriles@cultura.gob.mx","","","http://sic.gob.mx/ficha.php?table=festival&table_id=1821","2023-06-27 06:41:00-06"
1678,"Festival Vive Bolero","","",0,0,0,"","","","https://www.festivalvivebolero.com/","contacto@festivalvivebolero.com","","","http://sic.gob.mx/ficha.php?table=festival&table_id=1678","2020-04-17 08:39:23-05"
1046,"Festival 5 de Mayo","","",0,0,0,"","","","https://www.pueblacapital.gob.mx","imacpsubdirecciondedifusioncul@gmail.com","","","http://sic.gob.mx/ficha.php?table=festival&table_id=1046","2026-04-29 12:53:44-06"
334,"Festival Estatal del Chile en Nogada","","",0,0,0,"","","","","puebla@canirac.org.mx","","","http://sic.gob.mx/ficha.php?table=festival&table_id=334","2018-05-23 09:05:40-05"
1746,"Festival Ciudad Mural Puebla","","",0,0,0,"","","","https://colectivotomate.org/ 						","","","","http://sic.gob.mx/ficha.php?table=festival&table_id=1746","2022-07-18 11:17:05-05"
1863,"Festival Pasión","","",0,0,0,"","","","","oficialiadepartes.imacp@ayuntamientopuebla.gob.mx","","","http://sic.gob.mx/ficha.php?table=festival&table_id=1863","2025-02-19 12:59:45-06"
1278,"Festival Internacional de Fotografía Puebla (FIF Puebla)","","",0,0,0,"","","","http://www.fifpuebla.com/","festfotopuebla@gmail.com","","","http://sic.gob.mx/ficha.php?table=festival&table_id=1278","2019-07-31 05:12:06-05"
1818," 2° Festival Colores - LGBTTTIQ+ 2022","","",0,0,0,"","","","http://sc.puebla.gob.mx/						","artesplasticasyescenicas@puebla.gob.mx	","","","http://sic.gob.mx/ficha.php?table=festival&table_id=1818","2022-08-11 07:24:36-05"
1158,"Pepenafest. Festival de Reciclaje Creativo ","","",0,0,0,"","","","","produccionpepenafest@gmail.com","","","http://sic.gob.mx/ficha.php?table=festival&table_id=1158","2026-04-08 19:30:17-06"
1297,"Festival Calpulli Texmocalli","","",0,0,0,"","","","https://www.facebook.com/festivalcalpullitexmocalli/timeline","secretaria.desarrollo.economico@sanmartintexmelucan.gob.mx","","","http://sic.gob.mx/ficha.php?table=festival&table_id=1297","2026-09-09 13:51:43-06"
1301,"Festival Qué Chula Cholula","","",0,0,0,"","","","","turismoycultura@cholula.gob.mx","","","http://sic.gob.mx/ficha.php?table=festival&table_id=1301","2026-05-26 17:47:47-06"
1243,"Festival Internacional Jazzatlán","","",0,0,0,"","","","https://www.facebook.com/festivaljazzatlan","moctezuma@festivaljazzatlan.mx; rannauro@festivaljazzatlan.mx","","","http://sic.gob.mx/ficha.php?table=festival&table_id=1243","2018-03-13 09:48:56-06"
793,"Festival Vaniloquio","","",0,0,0,"","","","http://cholula.gob.mx","turismoycultura@cholula.gob.mx","","","http://sic.gob.mx/ficha.php?table=festival&table_id=793","2020-07-14 17:04:44-05"
462,"Festival Internacional Tehuacán 1660 Arte y Tradición","","",0,0,0,"","","","http://www.tehuacan.gob.mx","cultura@tehuacan.gob.mx","","","http://sic.gob.mx/ficha.php?table=festival&table_id=462","2023-10-26 07:52:18-06"
1944,"Festival Étnico de Mole de Caderas","","",0,0,0,"","","","","dir.gnral-culturydep@tehuacan.gob.mx","","","http://sic.gob.mx/ficha.php?table=festival&table_id=1944","2026-08-31 10:28:20-06"
1293,"Festival del Huehue de Chirrión","","",0,0,0,"","","","https://www.tresvecesheroicateteladeocampo.gob.mx/","annalvr@hotmail.com; jbonilla_76@hotmail.com; gob.cercano@gmail.com","","","http://sic.gob.mx/ficha.php?table=festival&table_id=1293","2026-05-14 17:17:54-06"
1288,"Festival Ilhuitl Cuaxóchitl","","",0,0,0,"","","","http://www.zacatlan.gob.mx/","zacatlanmagico@hotmail.com","","","http://sic.gob.mx/ficha.php?table=festival&table_id=1288","2020-06-05 16:24:33-05"
1287,"Festival del Pan de Queso","","",0,0,0,"","","","http://www.zacatlan.gob.mx/","cultura @zacatlan.gob.mx","","","http://sic.gob.mx/ficha.php?table=festival&table_id=1287","2025-12-29 19:34:10-06"
1289,"Festival de Danzón","","",0,0,0,"","","","https://www.itssnp.edu.mx/museovirtual/Cultura/Plantillas/FestivalDanzon.html","cultura@zacatlan.gob.mx","","","http://sic.gob.mx/ficha.php?table=festival&table_id=1289","2026-05-26 18:02:24-06"
1877,"Fiesta de Carnaval de Tomatlán","","",0,0,0,"","","","","cultura@zacatlan.gob.mx","","","http://sic.gob.mx/ficha.php?table=festival&table_id=1877","2025-08-04 08:41:42-06"
890,"Festival de Huapango. Ahuacatlán de Guadalupe","","",0,0,0,"","","","https://www.pinaldeamoles.gob.mx/index.php/noticias/608-presentan-cartel-del-22-festival-de-huapango-de-ahuacatlan-de-guadalupe","esenciaculturapinal@hotmail.com; victorinorr@yahoo.com.mx","","","http://sic.gob.mx/ficha.php?table=festival&table_id=890","2026-09-01 13:40:22-06"
1539,"Festival de Jazz de la Facultad de Bellas Artes de la Universidad Autónoma de Querétaro","","",0,0,0,"","","","","difusionfba@gmail.com","","","http://sic.gob.mx/ficha.php?table=festival&table_id=1539","2026-03-31 14:39:28-06"
691,"Festival Internacional ¡Qué viva el Salterio!","","",0,0,0,"","","","","dulcemelosmexico@yahoo.com.mx","","","http://sic.gob.mx/ficha.php?table=festival&table_id=691","2024-05-31 11:23:10-06"
18,"Festival Cultural Santiago de Querétaro","","",0,0,0,"","","","","sandra.perez@municipiodequeretaro.gob.mx","","","http://sic.gob.mx/ficha.php?table=festival&table_id=18","2024-11-28 11:54:38-06"
709,"VII edición Festival Internacional de Danza","","",0,0,0,"","","","http://www.ibericacontemporanea.com.mx/index.php/es/","info@ibericacontemporanea.com.mx; info@proart.com.mx","","","http://sic.gob.mx/ficha.php?table=festival&table_id=709","2019-08-23 07:44:48-05"
1412,"Festival Internacional de Folklor de la UAQ","","",0,0,0,"","","","gruposrepresentativos.uaq.mx/festfolkuaq","","","","http://sic.gob.mx/ficha.php?table=festival&table_id=1412","2021-08-25 07:26:20-05"
1773,"Hay Festival Querétaro","","",0,0,0,"","","","http://www.hayfestival.org/queretaro","contacto.culturaqro@gmail.com","","","http://sic.gob.mx/ficha.php?table=festival&table_id=1773","2025-07-15 19:02:29-06"
946,"FestivAlterNativo","","",0,0,0,"","","","https://es-es.facebook.com/FestivAlterNativo/info/?tab=page_info","lunanegr@prodigy.net.mx; lunanegradigital@gmail.com","","","http://sic.gob.mx/ficha.php?table=festival&table_id=946","2018-08-13 14:42:57-05"
1177,"Festival Internacional Jazz de Verano","","",0,0,0,"","","","https://www.facebook.com/search/top/?q=%E2%80%AA%23%E2%80%8Ejazzdeverano%E2%80%AC","jjimenezp@queretaro.gob.mx","","","http://sic.gob.mx/ficha.php?table=festival&table_id=1177","2019-12-30 07:38:25-06"
1875,"DOQUMENTA Festival Internacional de Cine y Narrativas de No Ficción","","",0,0,0,"","","","https://doqumenta.org/","hola@doqumenta.org","","","http://sic.gob.mx/ficha.php?table=festival&table_id=1875","2025-07-25 12:38:48-06"
5,"Encuentro Nacional e Internacional de Guitarra Querétaro","","",0,0,0,"","","","https://www.facebook.com/encuentro.guitarra.queretaro/","ramimar2@gmail.com","","","http://sic.gob.mx/ficha.php?table=festival&table_id=5","2026-06-18 11:02:53-06"
1346,"Festival de Comunidades Extranjeras","","",0,0,0,"","","","","sabrina.vargas@municipiodequeretaro.gob.mx","","","http://sic.gob.mx/ficha.php?table=festival&table_id=1346","2023-10-12 06:15:40-06"
1700,"Festival Internacional de Jazz","","",0,0,0,"","","","https://directorio.uaq.mx/index.php/escuelas-y-facultades/facultad-de-bellas-artes","alonso.hernandez@uaq.mx","","","http://sic.gob.mx/ficha.php?table=festival&table_id=1700","2022-03-11 04:40:21-06"
782,"CutOut Fest. Festival Internacional de Animación México","","",0,0,0,"","","","http://www.cutoutfest.com/","info@cutoutfest.com; contacto@cutoutfest.com; miguel@cutoutfest.com","","","http://sic.gob.mx/ficha.php?table=festival&table_id=782","2026-08-06 12:13:58-06"
1756,"Interciclos Festival Internacional de Música Nueva en Querétaro","","",0,0,0,"","","","","bacalobera@yahoo.com","","","http://sic.gob.mx/ficha.php?table=festival&table_id=1756","2020-07-10 05:02:39-05"
228,"Encuentro Internacional e Iberoamericano de Mujeres en el Arte","","",0,0,0,"","","","www.comuarte.org","info@comuarte.org","","","http://sic.gob.mx/ficha.php?table=festival&table_id=228","2022-06-21 06:34:47-05"
1802,"Festival Cruzada Central por el Teatro","","",0,0,0,"","","","www.atabalteatro.com","atabal.teatro.ac@gmail.com	","","","http://sic.gob.mx/ficha.php?table=festival&table_id=1802","2026-08-26 13:14:28-06"
1816,"Festival Internacional de Danza Ibérica Contemporánea en México","","",0,0,0,"","","","www.fundacionproart.org						","info@ibericacontemporanea.com.mx	","","","http://sic.gob.mx/ficha.php?table=festival&table_id=1816","2024-07-04 09:19:39-06"
1843,"Muestra Colectiva de Cortometraje Independiente MUCCI","","",0,0,0,"","",""," https://www.tiktok.com/@muestracolectivamuccisjr","muestracolectivadecortosjr@gmail.com","","","http://sic.gob.mx/ficha.php?table=festival&table_id=1843","2025-10-30 13:14:37-06"
780,"Festival del Tiburón Ballena ","","",0,0,0,"","","","https://page.islamujeres.gob.mx/","turismo@islamujeres.gob.mx","","","http://sic.gob.mx/ficha.php?table=festival&table_id=780","2025-06-12 10:37:50-06"
961,"Festival Cultural Hungría","","",0,0,0,"","","","http://hungriaencancun.blogspot.mx/; https://www.facebook.com/8o-Festival-Cultural-Hungr%C3%ADa-en-Canc%C3%BAn-1010051155749157/home","pianocancun@gmail.com","","","http://sic.gob.mx/ficha.php?table=festival&table_id=961","2018-11-28 09:13:18-06"
971,"Festival de Cultura del Caribe (FECUCA)","","",0,0,0,"","","","//festivaldeculturadelcaribe.com/","coordinacion@festivaldeculturadelcaribe.com","","","http://sic.gob.mx/ficha.php?table=festival&table_id=971","2020-06-06 04:47:55-05"
1037,"Festival de las Culturas Mahahual Cruzando Fronteras","","",0,0,0,"","","","http://mahahualcruzandofronteras.org/","mahahualcruzandofronteras@gmail.com","","","http://sic.gob.mx/ficha.php?table=festival&table_id=1037","2026-05-26 17:42:40-06"
882,"Festival DANXICA","","",0,0,0,"","","","http://www.danxica.com","danxicacancunx@gmail.com","","","http://sic.gob.mx/ficha.php?table=festival&table_id=882","2025-01-16 12:27:21-06"
1159,"Festival Oasis Jazz U","","",0,0,0,"","","","","fundacion@sercc.com.mx","","","http://sic.gob.mx/ficha.php?table=festival&table_id=1159","2018-07-30 10:34:29-05"
1209,"Festival Internacional de Arte Público Cancún","","",0,0,0,"","","","http://www.wearewad.com","hola@wearewad.com","","","http://sic.gob.mx/ficha.php?table=festival&table_id=1209","2025-01-16 12:41:13-06"
1707,"Festival Internacional de Música Cancún ","","",0,0,0,"","","","https://fimcancun.com/nosotros/","info@fimcancun.com","","","http://sic.gob.mx/ficha.php?table=festival&table_id=1707","2025-02-12 11:02:22-06"
1731,"Festival Internacional de Cinematografía y Series","","",0,0,0,"","","","http://festival-cine.com/Edicion2019/","contacto@festival-cine.com","","","http://sic.gob.mx/ficha.php?table=festival&table_id=1731","2020-06-03 16:52:12-05"
1498,"Riviera Maya Jazz Festival","","",0,0,0,"","","","http://rivieramayajazzfest.com/festivales/riviera-maya-jazz-festival-2021/","cultura.solidaridad2019@gmail.com","","","http://sic.gob.mx/ficha.php?table=festival&table_id=1498","2022-11-23 09:58:02-06"
1667,"Festival de Tradiciones de Vida y Muerte","","",0,0,0,"","","","https://www.festivaldevidaymuerte.com/es/","laguerrebere@xcaret.com; mmatu@xcaret.com","","","http://sic.gob.mx/ficha.php?table=festival&table_id=1667","2020-06-03 14:50:06-05"
555,"16.° Festival de Tradiciones de Vida y Muerte","","",0,0,0,"","","","http://www.festivaldevidaymuerte.com/","jramirezz@xcaret.com ","","","http://sic.gob.mx/ficha.php?table=festival&table_id=555","2022-07-13 07:10:24-05"
933,"Jazz Fest Real de Catorce","","",0,0,0,"","","","http://culturaslp.gob.mx/","centroculturalderealdecatorce@gmail.com","","","http://sic.gob.mx/ficha.php?table=festival&table_id=933","2019-08-05 07:49:48-05"
1803,"WIRD Festival","","",0,0,0,"","","","www.fundacionrealdecatorce.com","fundacionrealdecatorce@gmail.com","","","http://sic.gob.mx/ficha.php?table=festival&table_id=1803","2022-07-18 07:39:31-05"
1494,"Festival Internacional de Jazz de la Huasteca","","",0,0,0,"","","","http://huastecajazzfest.com/#","cultura@vallesslp.gob.mx","","","http://sic.gob.mx/ficha.php?table=festival&table_id=1494","2026-08-13 09:36:40-06"
1904,"Feria Nacional de la Huasteca Potosina FENAHUAP","","",0,0,0,"","","","","fenahuapcdvalles@gmail.com","","","http://sic.gob.mx/ficha.php?table=festival&table_id=1904","2026-08-13 09:36:26-06"
1460,"2° Festival de Arte Flamenco","","",0,0,0,"","","","http://culturaslp.gob.mx/2-festival-de-arte-flamenco-SLP","potosiflamenco@gmail.com","","","http://sic.gob.mx/ficha.php?table=festival&table_id=1460","2020-06-05 16:15:28-05"
1396,"Festival de Ópera de San Luis Potosí","","",0,0,0,"","","","http://www.operasanluis.com/","foperaslp@gmail.com","","","http://sic.gob.mx/ficha.php?table=festival&table_id=1396","2020-07-10 04:58:31-05"
1389,"Festival de la Cantera","","",0,0,0,"","","","http://festivaldelacantera.com/","","","","http://sic.gob.mx/ficha.php?table=festival&table_id=1389","2019-01-11 07:09:52-06"
1733,"Festival de Cine de UASLP ","","",0,0,0,"","","","http://www.uaslp.mx/DifusionCultural/Paginas/AgendaCultural/eventos/2019/10octubre/segundofestivaldecineuaslp2019.aspx","","","","http://sic.gob.mx/ficha.php?table=festival&table_id=1733","2020-05-26 15:06:02-05"
1682,"XIX Festival de San Luis","","",0,0,0,"","","","https://beta.slp.gob.mx/SECULT/Paginas/XIX-Festival-San-Luis.aspx","direccion.festivales.slp@gmail.com","","","http://sic.gob.mx/ficha.php?table=festival&table_id=1682","2020-07-14 17:03:38-05"
1379,"Festival Internacional de Cine de San Luis Potosí (FICSLP)","","",0,0,0,"","","","https://www.facebook.com/FICSLP","ficslp.mx@gmail.com","","","http://sic.gob.mx/ficha.php?table=festival&table_id=1379","2025-06-09 17:08:25-06"
1100,"Festival de cine México Alemania CineMA. Dos Visiones una Mirada. ","","",0,0,0,"","","","http://www.festival-cinema.com/","contacto@festival-cinema.com ","","","http://sic.gob.mx/ficha.php?table=festival&table_id=1100","2026-08-24 10:31:51-06"
349,"Festival de Música Antigua y Barroca Los Fundadores","","",0,0,0,"","","","http://beta.slp.gob.mx/SECULT/Paginas/Inicio.aspx","direccion.festivales.slp@gmail.com","","","http://sic.gob.mx/ficha.php?table=festival&table_id=349","2019-09-24 12:16:59-05"
351,"Festival Internacional de Danza Contemporánea Lila López","","",0,0,0,"","","","","dirección.festivales.slp@gmail.com","","","http://sic.gob.mx/ficha.php?table=festival&table_id=351","2025-05-22 15:10:57-06"
1359,"Festival Internacional de Novela Negra","","",0,0,0,"","","","http://dgp.cultura.gob.mx/huellasdelcrimen/","prensaydifusion.ceart@gmail.com","","","http://sic.gob.mx/ficha.php?table=festival&table_id=1359","2019-08-06 08:23:56-05"
1371,"Rodando Film Festival","","",0,0,0,"","","","","direccion.rodando.slp@hotmail.com","","","http://sic.gob.mx/ficha.php?table=festival&table_id=1371","2025-06-26 16:51:23-06"
350,"Festival de San Luis","","",0,0,0,"","","","http://culturaslp.gob.mx/","dirección.festivales.slp@gmail.com","","","http://sic.gob.mx/ficha.php?table=festival&table_id=350","2019-08-06 05:22:10-05"
1003,"Festival Música Libre","","",0,0,0,"","","","http://centrodelasartesslp.gob.mx/home/","musica@centrodelasartesslp.gob.mx; direcciongeneral@centrodelasartesslp.gob.mx","","","http://sic.gob.mx/ficha.php?table=festival&table_id=1003","2019-08-06 06:19:24-05"
554,"Festival Internacional Letras en San Luis","","",0,0,0,"","","","","estrategiayplaneacionslp@gmail.com","","","http://sic.gob.mx/ficha.php?table=festival&table_id=554","2025-07-28 12:15:03-06"
1397,"Festival Internacional de Jazz Jorge Martínez Zapata","","",0,0,0,"","","","","","","","http://sic.gob.mx/ficha.php?table=festival&table_id=1397","2026-07-24 11:41:36-06"
254,"Festival del Desierto del Altiplano Potosino","","",0,0,0,"","","","http://festivaldeldesierto.com.mx/","festivaldeldesierto@hotmail.com","","","http://sic.gob.mx/ficha.php?table=festival&table_id=254","2019-08-06 07:35:57-05"
1942,"Festival Internacional de Cine de Xilitla","","",0,0,0,"","","","https://www.ficxilitlaonline.com/","ficxilitlaslp@gmail.com","","","http://sic.gob.mx/ficha.php?table=festival&table_id=1942","2026-08-27 12:18:36-06"
724,"Festival  Internacional Universitario de la Cultura","","",0,0,0,"","","","https://culturauas.mx/","cultura@uas.edu.mx","","","http://sic.gob.mx/ficha.php?table=festival&table_id=724","2025-09-10 10:34:11-06"
162,"Festival Cultural Sinaloa","","",0,0,0,"","","","https://isic.gob.mx/","rodolfo.arriaga@culturasinaloa.gob.mx","","","http://sic.gob.mx/ficha.php?table=festival&table_id=162","2026-08-03 11:57:03-06"
153,"Festival de Rock Sinaloa","","",0,0,0,"","","","http://www.culturasinaloa.gob.mx/","programacion.artistica@culturasinaloa.gob.mx; alejandro.mojica@culturasinaloa.gob.mx","","","http://sic.gob.mx/ficha.php?table=festival&table_id=153","2025-09-10 11:08:51-06"
152,"Festival Internacional de Danza Contemporánea  José Limón","","",0,0,0,"","","","http://www.culturasinaloa.gob.mx/","joselimon.fest@gmail.com","","","http://sic.gob.mx/ficha.php?table=festival&table_id=152","2026-02-26 11:19:16-06"
154,"Festival Internacional de Guitarra","","",0,0,0,"","","","https://guitarculiacan.com/","gabriela.morfin@culturasinaloa.gob.mx","","","http://sic.gob.mx/ficha.php?table=festival&table_id=154","2025-09-10 10:04:20-06"
1666,"Festival Cultural Sinaloa","","",0,0,0,"","","","https://isic.gob.mx/festival-cultural-sinaloa/","redesisic@gmail.com","","","http://sic.gob.mx/ficha.php?table=festival&table_id=1666","2025-10-01 13:45:07-06"
726,"Festival de la Juventud Sinaloa","","",0,0,0,"","","","https://isic.gob.mx/","redes@culturasinaloa.gob.mx; rodolfo.arriaga@culturasinaloa.gob.mx","","","http://sic.gob.mx/ficha.php?table=festival&table_id=726","2025-05-21 10:37:06-06"
1204,"Encuentro Yoreme","","",0,0,0,"","","","http://www.culturasinaloa.gob.mx/","alejandro.mojica@culturasinaloa.gob.mx","","","http://sic.gob.mx/ficha.php?table=festival&table_id=1204","2023-10-26 04:06:27-06"
141,"Festival Internacional de las Artes Navachiste","","",0,0,0,"","","","","antoniocoronadoguerrero@gmail.com","","","http://sic.gob.mx/ficha.php?table=festival&table_id=141","2026-03-04 14:40:53-06"
965,"Festival Internacional de Teatro. Escena Mazatlán","","",0,0,0,"","","","https://culturamazatlan.com/es/festival-internacional-de-teatro-escena-mazatlan-2025/","amarquez@culturamazatlan.com","","","http://sic.gob.mx/ficha.php?table=festival&table_id=965","2026-06-04 13:12:32-06"
163,"Festival Cultural Mazatlán","","",0,0,0,"","","","http://www.culturamazatlan.com.mx","direccion@culturamazatlan.com.mx","","","http://sic.gob.mx/ficha.php?table=festival&table_id=163","2020-06-24 17:49:31-05"
1740,"Festival Cultural de Día de Muertos Guamúchil","","",0,0,0,"","","","https://salvadoralvarado.gob.mx/category/instituto-municipal-de-cultura/","presidencia@salvadoralvarado.gob.mx","","","http://sic.gob.mx/ficha.php?table=festival&table_id=1740","2020-07-09 06:13:16-05"
170,"Festival Internacional Alfonso Ortiz Tirado (FAOT)","","",0,0,0,"","","","https://isc.sonora.gob.mx/eventos/faot","festivalortiztirado@isc.gob.mx; alamos2012@isc.gob.mx","","","http://sic.gob.mx/ficha.php?table=festival&table_id=170","2026-09-24 13:48:13-06"
634,"Festival Conmemorativo de la Gesta Heróica del 6 de abril","","",0,0,0,"","","","http://www.caborca.gob.mx","jaimelasdunas@yahoo.com.mx; accioncyculturalcbk@gmail.com","","","http://sic.gob.mx/ficha.php?table=festival&table_id=634","2026-04-30 11:29:55-06"
166,"Festival de las Artes ITSON","","",0,0,0,"","","","https://itson.mx/eventos/festival-artes/Paginas/programageneral.aspx","","","","http://sic.gob.mx/ficha.php?table=festival&table_id=166","2025-09-02 13:42:12-06"
241,"XV Festival de Arte y Cultura Tetabiakte","","",0,0,0,"","","","","culturamunicipalcajeme@gmail.com","","","http://sic.gob.mx/ficha.php?table=festival&table_id=241","2025-09-02 14:14:35-06"
1525,"Festival de Aniversario APALBA","","",0,0,0,"","","","					","apalba1@hotmail.com	","","","http://sic.gob.mx/ficha.php?table=festival&table_id=1525","2025-09-02 13:20:32-06"
910,"Festival de la Calaca Guaymas","","",0,0,0,"","","","","imcaguay@gmail.com","","","http://sic.gob.mx/ficha.php?table=festival&table_id=910","2026-08-14 14:32:05-06"
257,"Festival Mar Bermejo","","",0,0,0,"","","","http://guaymas.gob.mx/imca2/","imcaguay@gmail.com; b.barajaslo@hotmail.com ","","","http://sic.gob.mx/ficha.php?table=festival&table_id=257","2026-08-14 14:31:50-06"
569,"Fiestas del Pitic","","",0,0,0,"","","","https://fiestasdelpitic.hermosillo.gob.mx","fiestasdelpitic2023@gmail.com","","","http://sic.gob.mx/ficha.php?table=festival&table_id=569","2026-03-23 13:36:35-06"
255,"29 Festival Kino ","","",0,0,0,"","","","https://isc.sonora.gob.mx/","direccion@isc.gob.mx","","","http://sic.gob.mx/ficha.php?table=festival&table_id=255","2026-09-14 13:13:34-06"
710,"Festival de Teatro Universitario","","",0,0,0,"","","","http://www.bellasartes.uson.mx","bellasartes@capomo.uson.mx; claudia.carrizosa@unison.mx","","","http://sic.gob.mx/ficha.php?table=festival&table_id=710","2020-04-24 12:27:29-05"
1053,"Festival Internacional de Cine de Hermosillo (FICH)","","",0,0,0,"","","","http://fich.mx/","martin@fichermosillo.com","","","http://sic.gob.mx/ficha.php?table=festival&table_id=1053","2018-11-22 06:29:45-06"
808,"Festival Internacional de Cine en el Desierto (FICDesierto)","","",0,0,0,"","","","https://www.facebook.com/FICDesierto","coordinacion.ficd@gmail.com","","","http://sic.gob.mx/ficha.php?table=festival&table_id=808","2017-05-02 10:01:00-05"
434," XXIX Festival Internacional Un Desierto Para la Danza 2022","","",0,0,0,"","","","http://isc.gob.mx						","hacienda-despacho@sonora.gob.mx","","","http://sic.gob.mx/ficha.php?table=festival&table_id=434","2022-08-12 05:50:50-05"
1495,"Festival Foto Sonora","","",0,0,0,"","","","https://www.facebook.com/ArtesVisualesISC?fref=nf","visuales@isc.gob.mx","","","http://sic.gob.mx/ficha.php?table=festival&table_id=1495","2020-06-05 13:47:58-05"
1342,"FestVital Xepe an Cöicoos y las músicas del mundo","","",0,0,0,"","","","","hamaccaziim@hotmail.com","","","http://sic.gob.mx/ficha.php?table=festival&table_id=1342","2020-04-15 08:36:43-05"
618,"Festival Luna de Montaña","","",0,0,0,"","","","http://www.isc.gob.mx","redcultural@isc.gob.mx","","","http://sic.gob.mx/ficha.php?table=festival&table_id=618","2020-06-29 09:26:25-05"
1438,"Festival Tierra Sonora","","",0,0,0,"","","","http://www.tierrasonora.com/?fbclid=IwAR1H3JyIk242PaC4Y8OfybVR7pnSMncev3pNluHUZ79Gc1N3KWQxxCSyGLk","festivaltierrasonora@gmail.com","","","http://sic.gob.mx/ficha.php?table=festival&table_id=1438","2020-06-25 09:54:50-05"
630,"Festival Cultural Profesor Enrique Quijada Parra","","",0,0,0,"","","","http://isc.gob.mx/festivales/","marielena_7233@hotmail.com","","","http://sic.gob.mx/ficha.php?table=festival&table_id=630","2021-08-16 10:45:44-05"
1892,"Festival del Queso de Poro ","","",0,0,0,"","","","","turismo@tabasco.gob.mx","","","http://sic.gob.mx/ficha.php?table=festival&table_id=1892","2026-09-01 13:11:07-06"
1868,"Festival Tardes de Carnaval en Villahermosa. Nuestra Memoria","","",0,0,0,"","","","https://www.xevt.com/espectaculos/del-13-al-15-de-febrero-se-realizaran-las-tardes-de-carnaval-en-centro-nuestra-memoria/408784","cultura@centro.gob.mx","","","http://sic.gob.mx/ficha.php?table=festival&table_id=1868","2026-01-22 14:23:17-06"
264,"Festival Cultural Ceiba Tabasco","","",0,0,0,"","","","https://festivalceiba.gob.mx/","secretariadecultura@tabasco.gob.mx ","","","http://sic.gob.mx/ficha.php?table=festival&table_id=264","2026-08-03 11:50:16-06"
1871,"Festival Guayacán & Macuilí","","",0,0,0,"","","","https://www.villahermosa.gob.mx","cultura@centro.gob.mx","","","http://sic.gob.mx/ficha.php?table=festival&table_id=1871","2026-04-28 13:17:32-06"
1873,"Festival Nochebuena en Centro","","",0,0,0,"","","","https://www.villahermosa.gob.mx","cultura@centro.gob.mx","","","http://sic.gob.mx/ficha.php?table=festival&table_id=1873","2026-07-30 12:44:47-06"
1869,"Festival Celebrando la eternidad","","",0,0,0,"","","","https://www.villahermosa.gob.mx","cultura@centro.gob.mx","","","http://sic.gob.mx/ficha.php?table=festival&table_id=1869","2025-07-03 13:13:00-06"
1870,"Festival Villahermosa","","",0,0,0,"","","","https://www.villahermosa.gob.mx","cultura@centro.gob.mx","","","http://sic.gob.mx/ficha.php?table=festival&table_id=1870","2025-07-03 13:13:15-06"
1872,"Festival Vicens. Encuentro de Narrativas Audiovisuales","","",0,0,0,"","","","https://www.villahermosa.gob.mx","cultura@centro.gob.mx","","","http://sic.gob.mx/ficha.php?table=festival&table_id=1872","2026-08-04 11:34:16-06"
1728,"Festival de la Butifarra","","",0,0,0,"","","","","amador_182@hotmail.com","","","http://sic.gob.mx/ficha.php?table=festival&table_id=1728","2020-08-31 16:13:19-05"
1578,"Festival Navideño","","",0,0,0,"","","","","difusioncultural.colegiosanjuan@hotmail.com","","","http://sic.gob.mx/ficha.php?table=festival&table_id=1578","2021-03-19 05:23:52-06"
1580,"Festival de Música de San Juan","","",0,0,0,"","","","https://www.facebook.com/search/top/?q=Colegio%20de%20San%20Juan%20Siglo%20XXI%20Escuela%20Superior%20de%20M%C3%BAsica","rojascolegio@gmail.com ","","","http://sic.gob.mx/ficha.php?table=festival&table_id=1580","2018-11-21 03:25:41-06"
3,"Festival Internacional de Otoño","","",0,0,0,"","","","","info@fiomat.com","","","http://sic.gob.mx/ficha.php?table=festival&table_id=3","2018-10-12 10:23:42-05"
1484,"Festival del Huapango","","",0,0,0,"","","","","diana_arte00@hotmail.com; cosmeio@hotmail.com","","","http://sic.gob.mx/ficha.php?table=festival&table_id=1484","2026-04-29 14:21:26-06"
1575,"2do Festival Tradiciones Vivas","","",0,0,0,"","","","","itca@tam.gob.mx","","","http://sic.gob.mx/ficha.php?table=festival&table_id=1575","2018-10-26 08:23:33-05"
1847,"Festival Internacional de la Costa del Seno Mexicano","","",0,0,0,"","","","https://www.festival-internacional-csm.com/","hector.romero@tamaulipas.gob.mx","","","http://sic.gob.mx/ficha.php?table=festival&table_id=1847","2025-07-01 09:58:41-06"
1576,"1° Festival De Calle. Escenarios Urbanos","","",0,0,0,"","","","","pinacoteca@tam.gob.mx","","","http://sic.gob.mx/ficha.php?table=festival&table_id=1576","2018-10-26 08:34:13-05"
1899,"Festival Tamaulipas Lee","","",0,0,0,"","","","","","","","http://sic.gob.mx/ficha.php?table=festival&table_id=1899","2026-08-17 10:31:05-06"
297,"Festival Internacional de Títeres Tlaxcala Rosete Aranda ","","",0,0,0,"","","","http://www.culturatlaxcala.com.mx/?fbclid=IwY2xjawF84C9leHRuA2FlbQIxMAABHUHaVydHn-8K3_WU56FIBjNOXclrug8nlL4TimBlPAQCzbB8LFKLKpXmaA_aem_u1kFzimShEb6y5fhB6WUHg				","munatirosetearanda@hotmail.com	","","","http://sic.gob.mx/ficha.php?table=festival&table_id=297","2025-10-31 17:26:22-06"
1768,"Festival Entre Volcanes","","",0,0,0,"","","","https://festivalentrevolcanes.com","hola@festivalentrevolcanes.com","","","http://sic.gob.mx/ficha.php?table=festival&table_id=1768","2025-12-18 12:15:48-06"
1736,"Festival Celebrando Hasta Morir ¡Rescatando cultura y tradiciones en Nativitas!","","",0,0,0,"","","","https://nativitas.gob.mx","presidenciamunicipal2017-2021@hotmail.com, fabiola14_7@hotmail.com, hector.h.vgu@gmail.com","","","http://sic.gob.mx/ficha.php?table=festival&table_id=1736","2020-07-09 05:05:41-05"
1900,"Festival del Pulque, Gastronomía Típica y Mezcal.","","",0,0,0,"","","","https://www.adelitasempresarias.com/","adelitas.empresarias@outlook.com","","","http://sic.gob.mx/ficha.php?table=festival&table_id=1900","2026-08-21 09:47:22-06"
1062,"Festival Foto 13. Festival de la Imagen en Tlaxcala","","",0,0,0,"","","","","nukkin18@hotmail.com; nukkin18@yahoo.es","","","http://sic.gob.mx/ficha.php?table=festival&table_id=1062","2019-08-15 07:56:13-05"
1234,"Festival Internacional de Coros Tlaxcala Canta","","",0,0,0,"","","","http://tlaxcalacanta.org/","informes@tlaxcalacanta.org","","","http://sic.gob.mx/ficha.php?table=festival&table_id=1234","2018-11-16 12:25:12-06"
1931,"Tierra Mezcal Fest ","","",0,0,0,"","","","www.adelitasempresarias.com","adelitas.empresarias@outlook.com","","","http://sic.gob.mx/ficha.php?table=festival&table_id=1931","2026-07-28 11:21:21-06"
1801,"Festival Nacional de Danza Folklorica Cacaxtla","","",0,0,0,"","","","","fperezmontiel@gmail.com","","","http://sic.gob.mx/ficha.php?table=festival&table_id=1801","2022-07-14 05:49:44-05"
1712,"Festival del Artesano de Tlaxco","","",0,0,0,"","","","","culturatlaxco@gmail.com","","","http://sic.gob.mx/ficha.php?table=festival&table_id=1712","2021-03-04 07:58:24-06"
1720,"Festival del Pulque de Tlaxco","","",0,0,0,"","","","","culturatlaxco@gmail.com","","","http://sic.gob.mx/ficha.php?table=festival&table_id=1720","2023-10-10 04:59:59-06"
1671,"Festival Internacional del Folklore Yauhquemehcan 2019","","",0,0,0,"","","","www.yauhquemehcantlax.gob.mx","desecotur2017@hotmail.com","","","http://sic.gob.mx/ficha.php?table=festival&table_id=1671","2019-09-27 07:37:16-05"
1771,"Fiesta Anual del Huapango. Encuentro de las Huastecas","","",0,0,0,"","","","http://www.huapangoamatlan.org.mx/","huapangoamatlan@hotmail,com","","","http://sic.gob.mx/ficha.php?table=festival&table_id=1771","2020-06-25 13:13:49-05"
1770,"XXXIII Fiesta Anual del Huapango ","","",0,0,0,"","","","http://www.huapangoamatlan.org.mx/","huapangoamatlan@hotmail,com","","","http://sic.gob.mx/ficha.php?table=festival&table_id=1770","2022-07-15 07:38:27-05"
1760,"Festival Internacional Veracruz Puerta Gastronómica de América RODI","","",0,0,0,"","","","","","","","http://sic.gob.mx/ficha.php?table=festival&table_id=1760","2020-07-16 07:52:35-05"
188,"Festival Cultural Internacional San Jerónimo Coatepec","","",0,0,0,"","","","https://www.facebook.com/Festival-San-Jer%C3%B3nimo-Coatepec-107455541117438/?ref=pages_you_manage","coordinacion@festivaldesanjeronimo.com.mx","","","http://sic.gob.mx/ficha.php?table=festival&table_id=188","2026-07-22 12:27:28-06"
1919,"Festival de Cumbia","","",0,0,0,"","","","https://www.coatzacoalcos.gob.mx/prensa/festival-de-cumbia-llena-de-baile-y-alegria-la-expo-feria-coatza-2026/","","","","http://sic.gob.mx/ficha.php?table=festival&table_id=1919","2026-05-06 10:35:33-06"
1664,"Encuentro de Son Jarocho, Son Huasteco, Fandango, Huapango y Trovada","","",0,0,0,"","","","","soneradehuilango@gmail.com","","","http://sic.gob.mx/ficha.php?table=festival&table_id=1664","2023-06-20 04:57:30-06"
766,"Festival de Danza Córdoba ","","",0,0,0,"","","","http://www.danzacordoba.com.mx","festivaldedanzacordoba@yahoo.com.mx","","","http://sic.gob.mx/ficha.php?table=festival&table_id=766","2018-11-20 09:57:02-06"
1542,"Festival Emilio Carballido","","",0,0,0,"","","","https://www.festivalemiliocarballido.com/","presidencia@cordoba.gob.mx; felinosplus@yahoo.com.mx					","","","http://sic.gob.mx/ficha.php?table=festival&table_id=1542","2024-09-02 08:36:45-06"
1884,"Festival Internacional del Folklor","","",0,0,0,"","","","https://www.facebook.com/people/Festival-Internacional-de-Folklore-Coscomatepec-Pueblo-M%C3%A1gico/100092838806664/","anahiholiman@gmail.com","","","http://sic.gob.mx/ficha.php?table=festival&table_id=1884","2026-08-03 10:10:01-06"
1885,"Festival Nacional de Máscaras Danzantes","","",0,0,0,"","","","","anahiholiman@gmail.com","","","http://sic.gob.mx/ficha.php?table=festival&table_id=1885","2025-12-18 12:27:13-06"
1761,"Encuentro del Huapango La Cascada del Huapango","","",0,0,0,"","","","","lacascadadelhuapango@gmail.com","","","http://sic.gob.mx/ficha.php?table=festival&table_id=1761","2020-06-17 10:44:09-05"
1784,"Festival de Cine Infantil Oftálmica","","",0,0,0,"","","","","oftalmicakids@gmail.com ","","","http://sic.gob.mx/ficha.php?table=festival&table_id=1784","2026-05-22 08:34:32-06"
784,"Festival Internacional JazzUV","","",0,0,0,"","","","https://www.uv.mx/jazzuv/festival-jazzuv/contacto/","jazzuv@uv.mx","","","http://sic.gob.mx/ficha.php?table=festival&table_id=784","2025-09-08 14:04:42-06"
1041,"Festival Día Mundial de Teatro Xalapa","","",0,0,0,"","","","https://www.uv.mx/teatro/general/festival-del-dia-mundial-del-teatro-xalapa-2018/","fteatro@uv.mx","","","http://sic.gob.mx/ficha.php?table=festival&table_id=1041","2025-09-08 13:14:02-06"
529,"Festival Internacional Danza Extrema","","",0,0,0,"","","","","danzaextremafestival@gmail.com","","","http://sic.gob.mx/ficha.php?table=festival&table_id=529","2025-09-08 13:48:17-06"
1066,"Festival Folklórico de Veracruz Miguel Vélez Arceo","","",0,0,0,"","","","https://www.uv.mx/festival-miguelvelez/","festivalmva@gmail.com","","","http://sic.gob.mx/ficha.php?table=festival&table_id=1066","2026-05-19 13:03:48-06"
1086,"Festival de Títeres de Veracruz Sergio Peregrina Corona","","",0,0,0,"","","","https://culturaveracruz.gob.mx/","festivalperegrina@gmail.com","","","http://sic.gob.mx/ficha.php?table=festival&table_id=1086","2025-12-03 11:56:42-06"
1216,"Festival Soñar con Árboles","","",0,0,0,"","","","","jefaturajex@culturaveracruz.gob.mx","","","http://sic.gob.mx/ficha.php?table=festival&table_id=1216","2025-09-09 10:52:09-06"
1669,"Festival de Unipersonales","","",0,0,0,"","","","","area51.foroteatral@gmail.com; festivalunipersonala51@gmail.com; as.teatromexicano@gmail.com","","","http://sic.gob.mx/ficha.php?table=festival&table_id=1669","2026-01-16 10:40:55-06"
203,"Cumbre Tajín ","","",0,0,0,"","","","http://www.festivalcumbretajin.com.mx/","contacto@cumbretajin.com","","","http://sic.gob.mx/ficha.php?table=festival&table_id=203","2026-01-21 13:28:10-06"
1253,"Festival Mundial de Cine Extremo (FMCEX)","","",0,0,0,"","","","https://www.facebook.com/cineextremo?fref=ts","fmcexveracruz@gmail.com","","","http://sic.gob.mx/ficha.php?table=festival&table_id=1253","2026-08-03 12:40:51-06"
873,"Festival Cultural Mictlán","","",0,0,0,"","","","","artistasindependientesdexalapa@yahoo.com","","","http://sic.gob.mx/ficha.php?table=festival&table_id=873","2025-09-08 13:03:18-06"
1894,"Encuentro Cultural Orgullo Playavicentino","","",0,0,0,"","","","","secretariaayuntamiento2022pv@gmail.com","","","http://sic.gob.mx/ficha.php?table=festival&table_id=1894","2025-11-06 11:55:15-06"
1951,"Fiestas Patronales y Tradicional Mojiganga de Saltabarranca","","",0,0,0,"","","","","magiadigital@hotmail.com","","","http://sic.gob.mx/ficha.php?table=festival&table_id=1951","2026-09-22 08:59:14-06"
1887,"Festival Internacional del Globo de Papel","","",0,0,0,"","","","","","","","http://sic.gob.mx/ficha.php?table=festival&table_id=1887","2025-09-04 13:15:01-06"
1791,"Fiesta del Huapango Un Huapango para todos.","","",0,0,0,"","","","","huitzitzilinac.oficial@gmail.com","","","http://sic.gob.mx/ficha.php?table=festival&table_id=1791","2022-05-19 08:55:38-05"
991,"Festival del Dulce y el Pan Tlacotalpeño","","",0,0,0,"","","","","presidencia@tlacotalpan-turismo.gob.mx; ayuntamientotlacotalpan@gmail.com","","","http://sic.gob.mx/ficha.php?table=festival&table_id=991","2016-11-04 12:39:16-06"
227,"Encuentro de Jaraneros y Decimistas","","",0,0,0,"","","","","decima@tlaco.com.mx","","","http://sic.gob.mx/ficha.php?table=festival&table_id=227","2026-01-09 17:45:28-06"
1113,"Festival Doña Elena CoraSon de Tlacotalpan","","",0,0,0,"","","","https://www.facebook.com/FestivalElenaCoraSon/","","","","http://sic.gob.mx/ficha.php?table=festival&table_id=1113","2020-04-03 08:17:37-06"
1763,"XXV Festival Afrocaribeño 2021","","",0,0,0,"","","","http://www.ivec.gob.mx","","","","http://sic.gob.mx/ficha.php?table=festival&table_id=1763","2022-06-30 07:03:32-05"
1797," Festival Cumbre Tajín 2021 -El Resplandecer de la Vida-","","",0,0,0,"","","","http://www.ivec.gob.mx","","","","http://sic.gob.mx/ficha.php?table=festival&table_id=1797","2022-06-30 09:04:09-05"
1541,"Fórum Danzones en el Puerto","","",0,0,0,"","","","https://sites.google.com/view/danzonmx/p%C3%A1gina-principal","danzonesenelpuerto@hotmail.com","","","http://sic.gob.mx/ficha.php?table=festival&table_id=1541","2026-05-20 17:23:45-06"
133,"Festival Internacional Agustín Lara","","",0,0,0,"","","","http://www.ivec.gob.mx","","","","http://sic.gob.mx/ficha.php?table=festival&table_id=133","2022-06-30 06:48:46-05"
1799,"Festival Internacional de Cine Independiente Oftálmica","","",0,0,0,"","","","http://www.ivec.gob.mx","","","","http://sic.gob.mx/ficha.php?table=festival&table_id=1799","2022-06-30 07:34:50-05"
1732,"Gira-Fest Unidos por el Arte","","",0,0,0,"","","","","gira.fest.uxa@gmail.com","","","http://sic.gob.mx/ficha.php?table=festival&table_id=1732","2020-07-10 06:47:45-05"
1367,"Festival Regional de Artes Textiles","","",0,0,0,"","","","","festivalregionaldearte@gmail.com","","","http://sic.gob.mx/ficha.php?table=festival&table_id=1367","2026-08-11 14:21:15-06"
1280,"Festival Internacional de Globo de Papel de China","","",0,0,0,"","","","https://www.zozocolcodehidalgo.gob.mx/","transparenciazozocolco2022@gmail.com","","","http://sic.gob.mx/ficha.php?table=festival&table_id=1280","2024-02-19 07:57:27-06"
1780,"Festival de Cine Oro Negro","","",0,0,0,"","","","http://www.festivaldecineoronegro.com","jolan@festivaldecineoronegro.com","","","http://sic.gob.mx/ficha.php?table=festival&table_id=1780","2023-02-27 05:38:32-06"
1698,"Festival Pepe Domínguez Por Siempre","","",0,0,0,"","","","","suenozarri@hotmail.com","","","http://sic.gob.mx/ficha.php?table=festival&table_id=1698","2026-09-28 09:59:59-06"
251,"Festival Internacional de Danza Contemporánea","","",0,0,0,"","","","","umbral_avantgarde@yahoo.com.mx","","","http://sic.gob.mx/ficha.php?table=festival&table_id=251","2026-02-26 12:39:35-06"
1196,"Festival Yucatán Escénica","","",0,0,0,"","","","https://www.festivalyucatanescenica.com/ ","direccioncressidadanza@gmail.com","","","http://sic.gob.mx/ficha.php?table=festival&table_id=1196","2026-09-28 12:37:20-06"
1557,"Festival Jóvenes Creadores","","",0,0,0,"","","","https://www.merida.gob.mx/convocatoriascultura","cultura@merida.gob.mx","","","http://sic.gob.mx/ficha.php?table=festival&table_id=1557","2026-04-08 14:25:26-06"
817,"Festival Primavera Cultural Yucatán","","",0,0,0,"","","","http://www.culturayucatan.com","promocion.sedeculta@yucatan.gob.mx; luis.faz@yucatan.gob.mx","","","http://sic.gob.mx/ficha.php?table=festival&table_id=817","2018-03-16 13:47:20-06"
356,"Festival Independiente de Teatro Íntimo (FITI). Encuentro Internacional","","",0,0,0,"","","","http://fitiencuentrointernacional.blogspot.mx/","teatrointimo@gmail.com, info@elteatrito. com","","","http://sic.gob.mx/ficha.php?table=festival&table_id=356","2019-11-13 07:59:13-06"
275,"Festival Nacional e  Internacional de Danza Contemporánea Oc Ohtic","","",0,0,0,"","","","http://www.culturayucatan.com/evento/ver/1036","graciela.torres@yucatan.gob.mx","","","http://sic.gob.mx/ficha.php?table=festival&table_id=275","2020-06-11 07:48:31-05"
1739,"Yucatán y sus costumbres","","",0,0,0,"","","","","luis.faz@yucatan.gob.mx; maria.gutierrezt@yucatan.gob.mx","","","http://sic.gob.mx/ficha.php?table=festival&table_id=1739","2020-05-29 14:27:49-05"
546,"Otoño Cultural","","",0,0,0,"","","","https://www.yucatan.gob.mx/saladeprensa/ver_nota.php?id=9833","german.rodriguez@yucatan.gob.mx","","","http://sic.gob.mx/ficha.php?table=festival&table_id=546","2026-09-28 13:23:07-06"
1767,"Resonancias Festival de Jazz de Yucatán","","",0,0,0,"","","","https://festivaljazzyucatan.com/","","","","http://sic.gob.mx/ficha.php?table=festival&table_id=1767","2020-07-16 08:51:39-05"
247,"Mérida Fest","","",0,0,0,"","","","https://www.merida.gob.mx/meridafest/","festival@merida.gob.mx","","","http://sic.gob.mx/ficha.php?table=festival&table_id=247","2026-09-28 12:52:21-06"
1206,"Festival Internacional de Cine de Mérida y Yucatán (FICMY)","","",0,0,0,"","","","","merida.comfilm@gmail.com","","","http://sic.gob.mx/ficha.php?table=festival&table_id=1206","2026-09-28 10:45:15-06"
1864,"Aniversario del Centro Cultural Kermith Garrido González","","",0,0,0,"","","","","ennamedina662@gmail.com","","","http://sic.gob.mx/ficha.php?table=festival&table_id=1864","2026-09-29 12:02:18-06"
1844,"Feria Nacional de Fresnillo 2026 (Fenafre)","","",0,0,0,"","","","","ferianacionaldefresnillo@gmail.com","","","http://sic.gob.mx/ficha.php?table=festival&table_id=1844","2026-06-25 11:29:29-06"
1665,"Festival Barroco de Guadalupe, Zacatecas","","",0,0,0,"","","","","museodeguadalupe@inah.gob.mx","","","http://sic.gob.mx/ficha.php?table=festival&table_id=1665","2019-09-19 07:45:19-05"
253,"Festival Barroco de Guadalupe","","",0,0,0,"","","","","rositafrancomx@yahoo.com; rosita_franco@inah.gob.mx","","","http://sic.gob.mx/ficha.php?table=festival&table_id=253","2018-08-13 14:47:58-05"
1849,"Festival de la Gastronomía","","",0,0,0,"","","","","moyahuacultura@gmail.com","","","http://sic.gob.mx/ficha.php?table=festival&table_id=1849","2024-12-17 11:09:05-06"
1848,"Festival de la Tambora","","",0,0,0,"","","","","moyahuacultura @gmail.com","","","http://sic.gob.mx/ficha.php?table=festival&table_id=1848","2026-08-11 13:44:30-06"
1448,"Festival de día de Muertos","","",0,0,0,"","","","","imcpinos@hotmail.com","","","http://sic.gob.mx/ficha.php?table=festival&table_id=1448","2020-06-05 16:27:25-05"
1445,"Festival Cultural de Semana Santa","","",0,0,0,"","","","","imcpinos@hotmail.com","","","http://sic.gob.mx/ficha.php?table=festival&table_id=1445","2020-06-05 13:36:23-05"
1737,"Festival Cultural Santa Cecilia","","",0,0,0,"","","","","nenis2910@hotmail.com; horacio_zac@hotmail.com","","","http://sic.gob.mx/ficha.php?table=festival&table_id=1737","2020-05-29 10:46:58-05"
1891,"Festival folclor edición 2025","","",0,0,0,"","","","","casadelaculturamanuelfelguerez@gmail.com","","","http://sic.gob.mx/ficha.php?table=festival&table_id=1891","2025-10-07 11:19:21-06"
1683,"Festival de Ciudades Patrimonio","","",0,0,0,"","","","","virajestudio@gmail.com","","","http://sic.gob.mx/ficha.php?table=festival&table_id=1683","2020-02-21 08:23:02-06"
1348,"Festival del Día de Muertos Fray Joaquín Bolaños","","",0,0,0,"","","","https://www.zacatecas.gob.mx/","festivales.zacatecas@gmail.com","","","http://sic.gob.mx/ficha.php?table=festival&table_id=1348","2026-08-17 14:17:49-06"
252,"Festival Cultural Zacatecas","","",0,0,0,"","","","https://culturazac.gob.mx/prensa/zacatecas-se-prepara-para-vivir-la-edicion-40-del-festival-cultural-que-tendra-grandes-sorpresas/","cultura@zacatecas.gob.mx","","","http://sic.gob.mx/ficha.php?table=festival&table_id=252","2026-05-07 14:30:44-06"
1676,"Serenatas de Abril","","",0,0,0,"","","","https://www.catalogoculturalzacatecas.mx/serenatas-de-abril/","virajestudio@gmail.com","","","http://sic.gob.mx/ficha.php?table=festival&table_id=1676","2022-03-11 05:09:43-06"
1675,"Encuentro de Orquestas Típicas","","",0,0,0,"","","","","virajestudio@gmail.com","","","http://sic.gob.mx/ficha.php?table=festival&table_id=1675","2020-02-21 08:18:40-06"
55,"Festival Zacatecas del Folclor Internacional Gustavo Vaquera Contreras","","",0,0,0,"","","","  ","festivales.folclor@gmail.com","","","http://sic.gob.mx/ficha.php?table=festival&table_id=55","2026-08-14 13:27:32-06"
1702,"Festival del Mictlán","","",0,0,0,"","","","","virajestudio@gmail.com","","","http://sic.gob.mx/ficha.php?table=festival&table_id=1702","2020-02-21 08:19:48-06"
758,"Festival Cultural de la Diversidad Sexual Zacatecas","","",0,0,0,"","","","","festivales.zacatecas@gmail.com","","","http://sic.gob.mx/ficha.php?table=festival&table_id=758","2026-05-07 14:20:53-06"
1521,"Fandango Nacional de Arte Infantil Gachita Amador ","","",0,0,0,"","","","https://www.facebook.com/profile.php?id=61563902101163&locale=es_LA","msaucedo70@hotmail.com; festivales.zacatecas@gmail.com","","","http://sic.gob.mx/ficha.php?table=festival&table_id=1521","2026-04-09 13:26:31-06"
1202,"Festival de Música Manuel M. Ponce","","",0,0,0,"","","","http://agendaculturalzacatecas.com/","animacionizc@gmail.com ","","","http://sic.gob.mx/ficha.php?table=festival&table_id=1202","2025-08-14 10:52:28-06"
1258,"Festival Internacional de Jazz & Blues Zacatecas","","",0,0,0,"","","","http://www.zacatecas.gob.mx","masaucedo70@hotmail.com","","","http://sic.gob.mx/ficha.php?table=festival&table_id=1258","2018-08-13 14:48:53-05"
58,"Festival Internacional de Teatro de Calle","","",0,0,0,"","","","https://www.zacatecas.gob.mx/","msaucedo70@hotmail.com; festivales.zacatecas@gmail.com","","","http://sic.gob.mx/ficha.php?table=festival&table_id=58","2019-10-16 02:59:21-05"
1520,"Festival del Corrido Zacatecas a Don Antonio Aguilar","","",0,0,0,"","","","","carlo.inzac@gmail.com","","","http://sic.gob.mx/ficha.php?table=festival&table_id=1520","2026-07-22 11:35:11-06"
885,"Festival Internacional de Poesía Ramón López Velarde","","",0,0,0,"","","","https://www.uaz.edu.mx/","arteycultura@uac.uaz.edu.mx ","","","http://sic.gob.mx/ficha.php?table=festival&table_id=885","2026-09-18 12:09:12-06"
